1 139 
2 71 
3 24 
4 146 
5 278 
6 398 
7 49 
8 193 
9 262 
10 186 
11 167 
12 287 
13 341 
14 345 
15 398 
16 341 
17 67 
18 195 
19 195 
20 77 
21 182 
22 226 
23 57 
24 343 
25 47 
26 72 
27 94 
28 330 
29 379 
30 146 
31 3 
32 292 
33 4 
34 31 
35 391 
36 208 
37 34 
38 386 
39 3 
40 264 
41 183 
42 310 
43 378 
44 177 
45 386 
46 281 
47 241 
48 321 
49 82 
50 188 
51 215 
52 333 
53 232 
54 29 
55 216 
56 297 
57 223 
58 82 
59 221 
60 342 
61 254 
62 229 
63 394 
64 159 
65 65 
66 156 
67 117 
68 329 
69 175 
70 32 
71 149 
72 8 
73 386 
74 25 
75 67 
76 107 
77 295 
78 201 
79 105 
80 218 
81 30 
82 221 
83 111 
84 144 
85 271 
86 133 
87 1 
88 88 
89 319 
90 207 
91 343 
92 56 
93 27 
94 168 
95 319 
96 239 
97 139 
98 162 
99 38 
100 144 
101 141 
102 19 
103 137 
104 328 
105 220 
106 133 
107 353 
108 234 
109 257 
110 36 
111 214 
112 64 
113 362 
114 290 
115 313 
116 217 
117 367 
118 286 
119 108 
120 341 
121 294 
122 160 
123 285 
124 194 
125 245 
126 282 
127 161 
128 391 
129 138 
130 44 
131 235 
132 287 
133 140 
134 108 
135 120 
136 224 
137 22 
138 383 
139 74 
140 297 
141 379 
142 360 
143 55 
144 104 
145 263 
146 302 
147 209 
148 355 
149 67 
150 328 
151 327 
152 58 
153 59 
154 170 
155 213 
156 57 
157 111 
158 95 
159 361 
160 280 
161 327 
162 84 
163 90 
164 46 
165 371 
166 243 
167 231 
168 155 
169 58 
170 145 
171 313 
172 177 
173 192 
174 214 
175 93 
176 224 
177 338 
178 148 
179 329 
180 329 
181 110 
182 214 
183 142 
184 374 
185 32 
186 28 
187 151 
188 67 
189 374 
190 400 
191 395 
192 359 
193 205 
194 220 
195 117 
196 284 
197 53 
198 37 
199 239 
200 235 
201 332 
202 175 
203 342 
204 18 
205 126 
206 10 
207 303 
208 96 
209 59 
210 103 
211 327 
212 151 
213 167 
214 220 
215 163 
216 87 
217 132 
218 228 
219 230 
220 312 
221 9 
222 131 
223 137 
224 400 
225 64 
226 19 
227 105 
228 371 
229 117 
230 107 
231 300 
232 354 
233 206 
234 274 
235 86 
236 306 
237 307 
238 115 
239 284 
240 97 
241 275 
242 364 
243 16 
244 142 
245 294 
246 18 
247 176 
248 216 
249 299 
250 343 
251 174 
252 306 
253 167 
254 152 
255 287 
256 384 
257 255 
258 329 
259 129 
260 84 
261 253 
262 264 
263 349 
264 277 
265 227 
266 373 
267 125 
268 370 
269 392 
270 13 
271 189 
272 175 
273 260 
274 233 
275 80 
276 132 
277 185 
278 342 
279 365 
280 324 
281 220 
282 324 
283 81 
284 225 
285 30 
286 197 
287 200 
288 111 
289 303 
290 295 
291 193 
292 144 
293 57 
294 7 
295 266 
296 144 
297 45 
298 299 
299 231 
300 124 
301 88 
302 361 
303 211 
304 159 
305 237 
306 209 
307 233 
308 255 
309 384 
310 80 
311 249 
312 287 
313 257 
314 72 
315 228 
316 84 
317 71 
318 379 
319 134 
320 211 
321 333 
322 220 
323 7 
324 96 
325 213 
326 239 
327 64 
328 120 
329 335 
330 260 
331 294 
332 51 
333 264 
334 295 
335 398 
336 344 
337 292 
338 307 
339 185 
340 180 
341 209 
342 239 
343 34 
344 135 
345 20 
346 84 
347 363 
348 277 
349 105 
350 130 
351 296 
352 233 
353 264 
354 130 
355 244 
356 314 
357 215 
358 52 
359 295 
360 10 
361 282 
362 146 
363 137 
364 65 
365 109 
366 223 
367 400 
368 364 
369 169 
370 375 
371 395 
372 72 
373 45 
374 116 
375 209 
376 24 
377 75 
378 259 
379 296 
380 221 
381 373 
382 355 
383 314 
384 81 
385 97 
386 242 
387 324 
388 96 
389 129 
390 143 
391 218 
392 155 
393 340 
394 363 
395 163 
396 190 
397 19 
398 220 
399 202 
400 346 
401 391 
402 357 
403 7 
404 118 
405 102 
406 114 
407 214 
408 116 
409 371 
410 77 
411 332 
412 74 
413 205 
414 245 
415 287 
416 319 
417 57 
418 66 
419 55 
420 321 
421 284 
422 250 
423 341 
424 31 
425 130 
426 293 
427 287 
428 144 
429 302 
430 78 
431 78 
432 118 
433 112 
434 191 
435 330 
436 37 
437 117 
438 68 
439 315 
440 197 
441 89 
442 343 
443 100 
444 83 
445 336 
446 374 
447 296 
448 306 
449 20 
450 248 
451 197 
452 242 
453 242 
454 202 
455 333 
456 343 
457 17 
458 235 
459 244 
460 249 
461 332 
462 252 
463 215 
464 293 
465 32 
466 235 
467 76 
468 194 
469 288 
470 245 
471 394 
472 123 
473 387 
474 195 
475 333 
476 204 
477 353 
478 345 
479 198 
480 197 
481 217 
482 137 
483 243 
484 332 
485 258 
486 334 
487 32 
488 255 
489 212 
490 70 
491 137 
492 39 
493 197 
494 300 
495 109 
496 351 
497 99 
498 307 
499 109 
500 208 
501 267 
502 312 
503 54 
504 113 
505 291 
506 237 
507 395 
508 355 
509 162 
510 88 
511 217 
512 391 
513 121 
514 326 
515 276 
516 168 
517 77 
518 220 
519 255 
520 110 
521 348 
522 81 
523 383 
524 271 
525 372 
526 328 
527 379 
528 163 
529 95 
530 189 
531 46 
532 401 
533 119 
534 398 
535 330 
536 281 
537 144 
538 235 
539 226 
540 378 
541 88 
542 353 
543 342 
544 153 
545 82 
546 361 
547 117 
548 321 
549 264 
550 43 
551 90 
552 261 
553 363 
554 340 
555 289 
556 142 
557 306 
558 394 
559 213 
560 201 
561 397 
562 125 
563 108 
564 185 
565 398 
566 388 
567 152 
568 371 
569 387 
570 197 
571 230 
572 284 
573 61 
574 46 
575 57 
576 287 
577 326 
578 365 
579 207 
580 278 
581 156 
582 312 
583 390 
584 318 
585 91 
586 283 
587 145 
588 319 
589 5 
590 116 
591 111 
592 12 
593 34 
594 221 
595 193 
596 223 
597 254 
598 188 
599 189 
600 383 
601 212 
602 76 
603 198 
604 220 
605 122 
606 210 
607 58 
608 373 
609 246 
610 171 
611 46 
612 302 
613 111 
614 284 
615 396 
616 173 
617 22 
618 317 
619 394 
620 2 
621 179 
622 135 
623 235 
624 217 
625 306 
626 74 
627 74 
628 287 
629 289 
630 318 
631 126 
632 192 
633 147 
634 391 
635 20 
636 91 
637 207 
638 40 
639 306 
640 302 
641 248 
642 248 
643 303 
644 36 
645 200 
646 214 
647 325 
648 122 
649 289 
650 230 
651 169 
652 190 
653 226 
654 33 
655 224 
656 326 
657 209 
658 54 
659 295 
660 312 
661 305 
662 371 
663 303 
664 203 
665 323 
666 197 
667 378 
668 81 
669 359 
670 129 
671 259 
672 146 
673 49 
674 95 
675 156 
676 364 
677 349 
678 133 
679 373 
680 236 
681 3 
682 182 
683 309 
684 360 
685 77 
686 132 
687 296 
688 121 
689 341 
690 69 
691 356 
692 374 
693 251 
694 396 
695 75 
696 94 
697 333 
698 395 
699 62 
700 129 
701 166 
702 58 
703 155 
704 398 
705 364 
706 98 
707 98 
708 59 
709 396 
710 19 
711 391 
712 170 
713 25 
714 105 
715 370 
716 92 
717 357 
718 25 
719 399 
720 391 
721 348 
722 212 
723 79 
724 74 
725 88 
726 245 
727 147 
728 24 
729 5 
730 109 
731 43 
732 334 
733 139 
734 59 
735 77 
736 400 
737 304 
738 113 
739 248 
740 304 
741 280 
742 107 
743 211 
744 264 
745 391 
746 87 
747 197 
748 215 
749 382 
750 330 
751 22 
752 218 
753 310 
754 381 
755 284 
756 30 
757 162 
758 260 
759 50 
760 291 
761 181 
762 358 
763 84 
764 391 
765 196 
766 2 
767 347 
768 301 
769 133 
770 226 
771 155 
772 73 
773 132 
774 30 
775 343 
776 284 
777 189 
778 138 
779 368 
780 39 
781 222 
782 137 
783 195 
784 38 
785 284 
786 35 
787 117 
788 9 
789 149 
790 305 
791 109 
792 161 
793 382 
794 25 
795 183 
796 341 
797 168 
798 215 
799 54 
800 344 
801 264 
802 74 
803 305 
804 344 
805 215 
806 192 
807 69 
808 64 
809 171 
810 220 
811 35 
812 58 
813 245 
814 171 
815 16 
816 170 
817 288 
818 249 
819 77 
820 57 
821 361 
822 12 
823 335 
824 38 
825 340 
826 190 
827 383 
828 27 
829 33 
830 186 
831 170 
832 264 
833 44 
834 253 
835 112 
836 400 
837 325 
838 47 
839 333 
840 251 
841 117 
842 18 
843 236 
844 280 
845 367 
846 398 
847 204 
848 398 
849 353 
850 317 
851 38 
852 115 
853 19 
854 361 
855 168 
856 391 
857 341 
858 311 
859 141 
860 284 
861 162 
862 83 
863 115 
864 1 
865 162 
866 184 
867 370 
868 398 
869 28 
870 149 
871 36 
872 95 
873 6 
874 312 
875 341 
876 155 
877 380 
878 380 
879 388 
880 111 
881 142 
882 155 
883 64 
884 309 
885 312 
886 317 
887 307 
888 3 
889 343 
890 387 
891 302 
892 109 
893 283 
894 73 
895 333 
896 25 
897 329 
898 131 
899 264 
900 129 
901 64 
902 276 
903 221 
904 327 
905 317 
906 234 
907 107 
908 37 
909 121 
910 241 
911 8 
912 9 
913 42 
914 210 
915 312 
916 73 
917 211 
918 71 
919 224 
920 359 
921 104 
922 309 
923 295 
924 97 
925 326 
926 58 
927 367 
928 7 
929 206 
930 225 
931 64 
932 341 
933 70 
934 262 
935 131 
936 237 
937 152 
938 26 
939 140 
940 188 
941 157 
942 137 
943 314 
944 71 
945 312 
946 84 
947 21 
948 300 
949 47 
950 171 
951 31 
952 156 
953 105 
954 142 
955 390 
956 339 
957 204 
958 318 
959 229 
960 230 
961 293 
962 6 
963 42 
964 396 
965 267 
966 233 
967 262 
968 23 
969 36 
970 305 
971 66 
972 267 
973 312 
974 155 
975 302 
976 318 
977 377 
978 281 
979 205 
980 159 
981 116 
982 283 
983 181 
984 49 
985 52 
986 303 
987 363 
988 327 
989 113 
990 128 
991 124 
992 29 
993 388 
994 326 
995 24 
996 304 
997 42 
998 127 
999 347 
1000 206 
1001 48 
1002 224 
1003 274 
1004 153 
1005 63 
1006 276 
1007 227 
1008 7 
1009 36 
1010 301 
1011 4 
1012 299 
1013 287 
1014 168 
1015 159 
1016 60 
1017 168 
1018 266 
1019 388 
1020 389 
1021 383 
1022 192 
1023 30 
1024 54 
1025 330 
1026 31 
1027 120 
1028 189 
1029 343 
1030 134 
1031 322 
1032 394 
1033 298 
1034 245 
1035 362 
1036 58 
1037 124 
1038 323 
1039 177 
1040 58 
1041 373 
1042 43 
1043 334 
1044 125 
1045 5 
1046 333 
1047 77 
1048 235 
1049 152 
1050 179 
1051 343 
1052 228 
1053 55 
1054 371 
1055 43 
1056 143 
1057 321 
1058 240 
1059 109 
1060 121 
1061 197 
1062 333 
1063 296 
1064 352 
1065 389 
1066 143 
1067 72 
1068 124 
1069 314 
1070 141 
1071 63 
1072 60 
1073 385 
1074 371 
1075 137 
1076 52 
1077 108 
1078 165 
1079 371 
1080 136 
1081 61 
1082 150 
1083 288 
1084 243 
1085 364 
1086 230 
1087 197 
1088 362 
1089 42 
1090 320 
1091 229 
1092 89 
1093 370 
1094 125 
1095 64 
1096 220 
1097 168 
1098 287 
1099 64 
1100 282 
1101 179 
1102 349 
1103 165 
1104 331 
1105 273 
1106 331 
1107 1 
1108 189 
1109 93 
1110 16 
1111 186 
1112 266 
1113 304 
1114 320 
1115 210 
1116 321 
1117 21 
1118 212 
1119 144 
1120 319 
1121 261 
1122 316 
1123 371 
1124 378 
1125 198 
1126 7 
1127 38 
1128 210 
1129 19 
1130 62 
1131 178 
1132 374 
1133 330 
1134 121 
1135 337 
1136 143 
1137 398 
1138 143 
1139 204 
1140 26 
1141 303 
1142 247 
1143 325 
1144 371 
1145 117 
1146 349 
1147 58 
1148 394 
1149 342 
1150 196 
1151 332 
1152 105 
1153 384 
1154 212 
1155 223 
1156 149 
1157 358 
1158 63 
1159 49 
1160 224 
1161 142 
1162 267 
1163 17 
1164 104 
1165 133 
1166 204 
1167 308 
1168 12 
1169 137 
1170 166 
1171 171 
1172 25 
1173 160 
1174 394 
1175 178 
1176 186 
1177 315 
1178 259 
1179 375 
1180 309 
1181 366 
1182 284 
1183 161 
1184 17 
1185 31 
1186 323 
1187 250 
1188 221 
1189 108 
1190 305 
1191 250 
1192 389 
1193 189 
1194 64 
1195 176 
1196 286 
1197 73 
1198 105 
1199 322 
1200 337 
1201 159 
1202 13 
1203 150 
1204 365 
1205 66 
1206 231 
1207 322 
1208 365 
1209 382 
1210 231 
1211 375 
1212 57 
1213 92 
1214 186 
1215 238 
1216 218 
1217 308 
1218 306 
1219 310 
1220 323 
1221 282 
1222 122 
1223 277 
1224 61 
1225 241 
1226 50 
1227 41 
1228 49 
1229 14 
1230 5 
1231 113 
1232 245 
1233 22 
1234 237 
1235 178 
1236 129 
1237 204 
1238 275 
1239 214 
1240 67 
1241 393 
1242 82 
1243 386 
1244 62 
1245 237 
1246 350 
1247 173 
1248 248 
1249 247 
1250 122 
1251 42 
1252 43 
1253 155 
1254 151 
1255 30 
1256 219 
1257 303 
1258 283 
1259 245 
1260 278 
1261 370 
1262 265 
1263 383 
1264 249 
1265 367 
1266 399 
1267 278 
1268 163 
1269 206 
1270 213 
1271 139 
1272 258 
1273 148 
1274 400 
1275 61 
1276 184 
1277 320 
1278 322 
1279 2 
1280 187 
1281 282 
1282 219 
1283 270 
1284 74 
1285 321 
1286 128 
1287 333 
1288 62 
1289 61 
1290 312 
1291 75 
1292 33 
1293 118 
1294 102 
1295 15 
1296 34 
1297 47 
1298 189 
1299 142 
1300 365 
1301 262 
1302 263 
1303 233 
1304 299 
1305 313 
1306 332 
1307 35 
1308 114 
1309 195 
1310 181 
1311 321 
1312 306 
1313 282 
1314 278 
1315 56 
1316 301 
1317 354 
1318 379 
1319 45 
1320 97 
1321 392 
1322 95 
1323 314 
1324 318 
1325 183 
1326 331 
1327 244 
1328 275 
1329 65 
1330 288 
1331 144 
1332 244 
1333 399 
1334 185 
1335 115 
1336 386 
1337 339 
1338 357 
1339 279 
1340 186 
1341 250 
1342 55 
1343 29 
1344 232 
1345 185 
1346 60 
1347 158 
1348 313 
1349 84 
1350 379 
1351 163 
1352 40 
1353 401 
1354 324 
1355 282 
1356 103 
1357 334 
1358 390 
1359 32 
1360 85 
1361 65 
1362 302 
1363 395 
1364 336 
1365 242 
1366 9 
1367 112 
1368 211 
1369 104 
1370 4 
1371 31 
1372 384 
1373 63 
1374 399 
1375 87 
1376 140 
1377 233 
1378 193 
1379 323 
1380 58 
1381 154 
1382 345 
1383 149 
1384 57 
1385 332 
1386 368 
1387 154 
1388 241 
1389 260 
1390 90 
1391 215 
1392 182 
1393 36 
1394 375 
1395 77 
1396 180 
1397 321 
1398 116 
1399 379 
1400 25 
1401 29 
1402 316 
1403 337 
1404 380 
1405 261 
1406 57 
1407 45 
1408 217 
1409 400 
1410 300 
1411 63 
1412 148 
1413 222 
1414 379 
1415 265 
1416 128 
1417 182 
1418 295 
1419 165 
1420 66 
1421 207 
1422 101 
1423 36 
1424 9 
1425 35 
1426 251 
1427 228 
1428 335 
1429 236 
1430 359 
1431 151 
1432 378 
1433 96 
1434 76 
1435 303 
1436 334 
1437 85 
1438 229 
1439 63 
1440 81 
1441 30 
1442 302 
1443 46 
1444 126 
1445 171 
1446 6 
1447 355 
1448 200 
1449 254 
1450 73 
1451 185 
1452 202 
1453 323 
1454 217 
1455 213 
1456 235 
1457 92 
1458 37 
1459 323 
1460 95 
1461 59 
1462 273 
1463 30 
1464 338 
1465 82 
1466 308 
1467 73 
1468 99 
1469 246 
1470 180 
1471 294 
1472 209 
1473 5 
1474 379 
1475 380 
1476 30 
1477 172 
1478 23 
1479 39 
1480 382 
1481 275 
1482 91 
1483 174 
1484 261 
1485 190 
1486 304 
1487 109 
1488 129 
1489 250 
1490 198 
1491 103 
1492 45 
1493 159 
1494 25 
1495 17 
1496 276 
1497 27 
1498 110 
1499 383 
1500 273 
1501 61 
1502 294 
1503 104 
1504 191 
1505 69 
1506 389 
1507 109 
1508 101 
1509 335 
1510 249 
1511 344 
1512 289 
1513 375 
1514 239 
1515 253 
1516 110 
1517 79 
1518 268 
1519 131 
1520 303 
1521 354 
1522 165 
1523 82 
1524 300 
1525 339 
1526 25 
1527 293 
1528 67 
1529 173 
1530 364 
1531 308 
1532 16 
1533 325 
1534 320 
1535 191 
1536 86 
1537 307 
1538 215 
1539 102 
1540 60 
1541 305 
1542 356 
1543 48 
1544 8 
1545 265 
1546 184 
1547 262 
1548 153 
1549 182 
1550 253 
1551 12 
1552 96 
1553 127 
1554 151 
1555 304 
1556 133 
1557 10 
1558 182 
1559 370 
1560 34 
1561 283 
1562 170 
1563 43 
1564 218 
1565 304 
1566 40 
1567 14 
1568 337 
1569 280 
1570 323 
1571 401 
1572 207 
1573 139 
1574 124 
1575 340 
1576 369 
1577 27 
1578 291 
1579 165 
1580 389 
1581 386 
1582 336 
1583 239 
1584 367 
1585 267 
1586 168 
1587 31 
1588 53 
1589 22 
1590 342 
1591 251 
1592 377 
1593 311 
1594 305 
1595 44 
1596 77 
1597 142 
1598 340 
1599 235 
1600 302 
1601 204 
1602 389 
1603 185 
1604 139 
1605 201 
1606 155 
1607 244 
1608 66 
1609 285 
1610 192 
1611 184 
1612 260 
1613 140 
1614 12 
1615 189 
1616 139 
1617 12 
1618 352 
1619 306 
1620 83 
1621 200 
1622 394 
1623 379 
1624 114 
1625 311 
1626 272 
1627 112 
1628 166 
1629 336 
1630 122 
1631 316 
1632 75 
1633 163 
1634 231 
1635 91 
1636 142 
1637 345 
1638 272 
1639 295 
1640 349 
1641 295 
1642 281 
1643 4 
1644 292 
1645 291 
1646 192 
1647 346 
1648 183 
1649 5 
1650 113 
1651 390 
1652 214 
1653 248 
1654 387 
1655 264 
1656 55 
1657 342 
1658 28 
1659 343 
1660 179 
1661 202 
1662 22 
1663 186 
1664 112 
1665 342 
1666 342 
1667 146 
1668 82 
1669 224 
1670 115 
1671 108 
1672 271 
1673 384 
1674 218 
1675 394 
1676 40 
1677 274 
1678 318 
1679 291 
1680 131 
1681 185 
1682 120 
1683 265 
1684 285 
1685 72 
1686 196 
1687 320 
1688 203 
1689 276 
1690 95 
1691 71 
1692 222 
1693 135 
1694 205 
1695 137 
1696 280 
1697 108 
1698 361 
1699 249 
1700 203 
1701 306 
1702 121 
1703 309 
1704 88 
1705 369 
1706 315 
1707 332 
1708 307 
1709 193 
1710 387 
1711 152 
1712 192 
1713 56 
1714 53 
1715 392 
1716 244 
1717 356 
1718 106 
1719 203 
1720 112 
1721 77 
1722 82 
1723 109 
1724 228 
1725 89 
1726 162 
1727 128 
1728 91 
1729 129 
1730 328 
1731 90 
1732 289 
1733 379 
1734 106 
1735 297 
1736 21 
1737 35 
1738 16 
1739 380 
1740 96 
1741 144 
1742 92 
1743 325 
1744 111 
1745 252 
1746 186 
1747 300 
1748 321 
1749 45 
1750 257 
1751 240 
1752 304 
1753 239 
1754 29 
1755 273 
1756 351 
1757 231 
1758 274 
1759 302 
1760 73 
1761 135 
1762 54 
1763 302 
1764 219 
1765 205 
1766 351 
1767 116 
1768 171 
1769 225 
1770 207 
1771 208 
1772 359 
1773 190 
1774 211 
1775 254 
1776 228 
1777 255 
1778 369 
1779 10 
1780 189 
1781 337 
1782 279 
1783 200 
1784 229 
1785 105 
1786 91 
1787 348 
1788 163 
1789 155 
1790 201 
1791 310 
1792 226 
1793 243 
1794 185 
1795 177 
1796 115 
1797 118 
1798 181 
1799 11 
1800 395 
1801 162 
1802 338 
1803 364 
1804 322 
1805 135 
1806 172 
1807 93 
1808 168 
1809 237 
1810 14 
1811 42 
1812 262 
1813 177 
1814 166 
1815 126 
1816 186 
1817 187 
1818 166 
1819 337 
1820 187 
1821 310 
1822 290 
1823 224 
1824 216 
1825 275 
1826 200 
1827 383 
1828 358 
1829 367 
1830 154 
1831 36 
1832 194 
1833 215 
1834 262 
1835 139 
1836 364 
1837 255 
1838 219 
1839 322 
1840 388 
1841 53 
1842 283 
1843 77 
1844 155 
1845 330 
1846 95 
1847 56 
1848 211 
1849 105 
1850 377 
1851 383 
1852 1 
1853 201 
1854 322 
1855 198 
1856 132 
1857 79 
1858 203 
1859 107 
1860 393 
1861 57 
1862 56 
1863 308 
1864 87 
1865 142 
1866 228 
1867 275 
1868 214 
1869 353 
1870 244 
1871 247 
1872 288 
1873 366 
1874 360 
1875 73 
1876 184 
1877 131 
1878 321 
1879 338 
1880 194 
1881 141 
1882 146 
1883 374 
1884 141 
1885 328 
1886 281 
1887 281 
1888 362 
1889 258 
1890 356 
1891 185 
1892 396 
1893 145 
1894 94 
1895 309 
1896 382 
1897 326 
1898 186 
1899 86 
1900 62 
1901 10 
1902 18 
1903 260 
1904 135 
1905 111 
1906 267 
1907 112 
1908 241 
1909 358 
1910 161 
1911 182 
1912 40 
1913 44 
1914 347 
1915 274 
1916 36 
1917 20 
1918 401 
1919 26 
1920 72 
1921 189 
1922 300 
1923 221 
1924 330 
1925 218 
1926 74 
1927 8 
1928 213 
1929 122 
1930 226 
1931 132 
1932 290 
1933 212 
1934 347 
1935 42 
1936 80 
1937 96 
1938 229 
1939 326 
1940 227 
1941 311 
1942 10 
1943 390 
1944 337 
1945 290 
1946 144 
1947 98 
1948 221 
1949 99 
1950 339 
1951 192 
1952 78 
1953 27 
1954 288 
1955 268 
1956 273 
1957 298 
1958 6 
1959 324 
1960 297 
1961 328 
1962 143 
1963 245 
1964 234 
1965 400 
1966 1 
1967 246 
1968 43 
1969 374 
1970 140 
1971 121 
1972 226 
1973 244 
1974 210 
1975 129 
1976 111 
1977 265 
1978 98 
1979 201 
1980 34 
1981 308 
1982 213 
1983 253 
1984 148 
1985 66 
1986 41 
1987 130 
1988 132 
1989 4 
1990 102 
1991 294 
1992 166 
1993 50 
1994 60 
1995 316 
1996 121 
1997 89 
1998 288 
1999 347 
2000 361 
2001 172 
2002 242 
2003 6 
2004 112 
2005 341 
2006 173 
2007 90 
2008 388 
2009 28 
2010 321 
2011 186 
2012 154 
2013 250 
2014 57 
2015 281 
2016 239 
2017 105 
2018 121 
2019 374 
2020 121 
2021 46 
2022 209 
2023 214 
2024 120 
2025 79 
2026 329 
2027 173 
2028 164 
2029 323 
2030 211 
2031 388 
2032 20 
2033 12 
2034 296 
2035 368 
2036 128 
2037 163 
2038 233 
2039 163 
2040 277 
2041 380 
2042 82 
2043 28 
2044 163 
2045 165 
2046 63 
2047 56 
2048 129 
2049 320 
2050 182 
2051 293 
2052 385 
2053 26 
2054 32 
2055 258 
2056 266 
2057 174 
2058 202 
2059 374 
2060 292 
2061 294 
2062 21 
2063 200 
2064 248 
2065 84 
2066 74 
2067 247 
2068 289 
2069 214 
2070 119 
2071 177 
2072 41 
2073 184 
2074 141 
2075 144 
2076 188 
2077 62 
2078 295 
2079 128 
2080 329 
2081 151 
2082 142 
2083 102 
2084 360 
2085 308 
2086 80 
2087 236 
2088 251 
2089 318 
2090 25 
2091 104 
2092 55 
2093 40 
2094 288 
2095 240 
2096 185 
2097 259 
2098 74 
2099 133 
2100 210 
2101 157 
2102 198 
2103 348 
2104 356 
2105 265 
2106 304 
2107 42 
2108 27 
2109 110 
2110 244 
2111 394 
2112 28 
2113 203 
2114 288 
2115 380 
2116 78 
2117 400 
2118 320 
2119 213 
2120 99 
2121 390 
2122 166 
2123 276 
2124 134 
2125 6 
2126 1 
2127 54 
2128 139 
2129 367 
2130 31 
2131 256 
2132 95 
2133 249 
2134 91 
2135 120 
2136 300 
2137 374 
2138 294 
2139 234 
2140 131 
2141 386 
2142 316 
2143 279 
2144 245 
2145 233 
2146 192 
2147 297 
2148 392 
2149 348 
2150 190 
2151 239 
2152 49 
2153 233 
2154 246 
2155 157 
2156 26 
2157 277 
2158 209 
2159 372 
2160 388 
2161 3 
2162 337 
2163 149 
2164 307 
2165 88 
2166 8 
2167 126 
2168 61 
2169 124 
2170 372 
2171 84 
2172 1 
2173 8 
2174 156 
2175 171 
2176 69 
2177 145 
2178 177 
2179 375 
2180 351 
2181 389 
2182 39 
2183 201 
2184 119 
2185 201 
2186 399 
2187 156 
2188 323 
2189 151 
2190 345 
2191 354 
2192 89 
2193 336 
2194 384 
2195 274 
2196 195 
2197 192 
2198 268 
2199 182 
2200 156 
2201 249 
2202 28 
2203 326 
2204 232 
2205 368 
2206 152 
2207 390 
2208 230 
2209 76 
2210 338 
2211 61 
2212 133 
2213 386 
2214 115 
2215 309 
2216 297 
2217 300 
2218 335 
2219 97 
2220 193 
2221 18 
2222 120 
2223 282 
2224 75 
2225 198 
2226 295 
2227 211 
2228 330 
2229 89 
2230 291 
2231 208 
2232 214 
2233 177 
2234 216 
2235 275 
2236 349 
2237 124 
2238 238 
2239 92 
2240 339 
2241 179 
2242 5 
2243 160 
2244 316 
2245 242 
2246 186 
2247 4 
2248 195 
2249 300 
2250 288 
2251 322 
2252 65 
2253 9 
2254 314 
2255 328 
2256 132 
2257 111 
2258 31 
2259 203 
2260 340 
2261 345 
2262 6 
2263 322 
2264 104 
2265 12 
2266 241 
2267 11 
2268 37 
2269 377 
2270 224 
2271 144 
2272 84 
2273 320 
2274 85 
2275 285 
2276 232 
2277 14 
2278 266 
2279 335 
2280 334 
2281 99 
2282 262 
2283 278 
2284 362 
2285 80 
2286 113 
2287 248 
2288 331 
2289 67 
2290 368 
2291 7 
2292 313 
2293 15 
2294 194 
2295 218 
2296 263 
2297 138 
2298 337 
2299 9 
2300 91 
2301 298 
2302 211 
2303 346 
2304 331 
2305 279 
2306 239 
2307 10 
2308 167 
2309 178 
2310 24 
2311 81 
2312 4 
2313 337 
2314 114 
2315 296 
2316 353 
2317 3 
2318 18 
2319 378 
2320 260 
2321 298 
2322 170 
2323 171 
2324 327 
2325 121 
2326 169 
2327 203 
2328 362 
2329 297 
2330 97 
2331 19 
2332 332 
2333 34 
2334 96 
2335 193 
2336 263 
2337 314 
2338 76 
2339 164 
2340 243 
2341 181 
2342 96 
2343 290 
2344 176 
2345 285 
2346 270 
2347 80 
2348 162 
2349 42 
2350 132 
2351 224 
2352 389 
2353 269 
2354 291 
2355 168 
2356 280 
2357 117 
2358 204 
2359 36 
2360 294 
2361 103 
2362 363 
2363 347 
2364 314 
2365 147 
2366 73 
2367 181 
2368 11 
2369 96 
2370 15 
2371 258 
2372 140 
2373 262 
2374 379 
2375 301 
2376 85 
2377 194 
2378 194 
2379 148 
2380 51 
2381 324 
2382 25 
2383 164 
2384 18 
2385 122 
2386 263 
2387 383 
2388 387 
2389 311 
2390 356 
2391 395 
2392 33 
2393 108 
2394 353 
2395 326 
2396 205 
2397 65 
2398 296 
2399 358 
2400 357 
2401 86 
2402 232 
2403 221 
2404 223 
2405 139 
2406 33 
2407 120 
2408 126 
2409 89 
2410 142 
2411 263 
2412 258 
2413 28 
2414 217 
2415 190 
2416 170 
2417 144 
2418 394 
2419 122 
2420 279 
2421 35 
2422 23 
2423 92 
2424 315 
2425 376 
2426 229 
2427 72 
2428 268 
2429 342 
2430 106 
2431 205 
2432 99 
2433 245 
2434 231 
2435 392 
2436 290 
2437 304 
2438 355 
2439 380 
2440 98 
2441 107 
2442 349 
2443 228 
2444 74 
2445 355 
2446 369 
2447 244 
2448 265 
2449 130 
2450 30 
2451 258 
2452 286 
2453 43 
2454 241 
2455 294 
2456 39 
2457 354 
2458 182 
2459 138 
2460 316 
2461 376 
2462 191 
2463 118 
2464 400 
2465 128 
2466 297 
2467 218 
2468 234 
2469 278 
2470 354 
2471 328 
2472 370 
2473 13 
2474 39 
2475 274 
2476 188 
2477 163 
2478 227 
2479 99 
2480 351 
2481 396 
2482 55 
2483 56 
2484 134 
2485 288 
2486 291 
2487 198 
2488 281 
2489 296 
2490 94 
2491 56 
2492 131 
2493 365 
2494 178 
2495 53 
2496 319 
2497 365 
2498 359 
2499 381 
2500 125 
2501 92 
2502 209 
2503 250 
2504 113 
2505 130 
2506 1 
2507 388 
2508 209 
2509 378 
2510 364 
2511 243 
2512 198 
2513 101 
2514 319 
2515 129 
2516 299 
2517 374 
2518 149 
2519 360 
2520 158 
2521 233 
2522 46 
2523 344 
2524 253 
2525 211 
2526 328 
2527 111 
2528 311 
2529 63 
2530 67 
2531 135 
2532 102 
2533 157 
2534 289 
2535 340 
2536 316 
2537 315 
2538 262 
2539 53 
2540 204 
2541 278 
2542 301 
2543 372 
2544 283 
2545 248 
2546 91 
2547 392 
2548 277 
2549 193 
2550 243 
2551 68 
2552 269 
2553 262 
2554 200 
2555 393 
2556 157 
2557 94 
2558 311 
2559 249 
2560 215 
2561 55 
2562 22 
2563 116 
2564 12 
2565 290 
2566 258 
2567 376 
2568 98 
2569 251 
2570 101 
2571 138 
2572 187 
2573 126 
2574 161 
2575 380 
2576 99 
2577 187 
2578 208 
2579 25 
2580 226 
2581 322 
2582 357 
2583 131 
2584 178 
2585 215 
2586 190 
2587 37 
2588 136 
2589 78 
2590 60 
2591 95 
2592 169 
2593 281 
2594 281 
2595 90 
2596 206 
2597 309 
2598 184 
2599 367 
2600 148 
2601 209 
2602 362 
2603 136 
2604 247 
2605 159 
2606 357 
2607 40 
2608 351 
2609 80 
2610 132 
2611 281 
2612 192 
2613 349 
2614 123 
2615 219 
2616 31 
2617 83 
2618 176 
2619 37 
2620 170 
2621 4 
2622 54 
2623 27 
2624 84 
2625 71 
2626 268 
2627 276 
2628 201 
2629 351 
2630 42 
2631 90 
2632 226 
2633 385 
2634 399 
2635 26 
2636 116 
2637 376 
2638 308 
2639 3 
2640 374 
2641 204 
2642 365 
2643 317 
2644 54 
2645 135 
2646 54 
2647 230 
2648 118 
2649 314 
2650 390 
2651 50 
2652 34 
2653 164 
2654 326 
2655 82 
2656 12 
2657 241 
2658 268 
2659 239 
2660 370 
2661 117 
2662 243 
2663 292 
2664 203 
2665 150 
2666 61 
2667 367 
2668 43 
2669 177 
2670 293 
2671 212 
2672 139 
2673 272 
2674 244 
2675 66 
2676 303 
2677 230 
2678 275 
2679 114 
2680 186 
2681 14 
2682 37 
2683 324 
2684 78 
2685 98 
2686 182 
2687 114 
2688 86 
2689 192 
2690 301 
2691 5 
2692 66 
2693 147 
2694 257 
2695 186 
2696 203 
2697 109 
2698 182 
2699 369 
2700 352 
2701 235 
2702 124 
2703 140 
2704 249 
2705 344 
2706 282 
2707 106 
2708 159 
2709 319 
2710 232 
2711 106 
2712 19 
2713 61 
2714 327 
2715 9 
2716 277 
2717 150 
2718 289 
2719 267 
2720 279 
2721 2 
2722 31 
2723 317 
2724 32 
2725 185 
2726 272 
2727 187 
2728 204 
2729 298 
2730 292 
2731 354 
2732 329 
2733 141 
2734 252 
2735 32 
2736 126 
2737 73 
2738 144 
2739 235 
2740 272 
2741 33 
2742 155 
2743 352 
2744 367 
2745 364 
2746 253 
2747 260 
2748 276 
2749 89 
2750 14 
2751 252 
2752 325 
2753 252 
2754 236 
2755 224 
2756 125 
2757 86 
2758 228 
2759 200 
2760 383 
2761 339 
2762 380 
2763 22 
2764 288 
2765 95 
2766 115 
2767 245 
2768 103 
2769 30 
2770 351 
2771 346 
2772 356 
2773 49 
2774 176 
2775 118 
2776 207 
2777 298 
2778 132 
2779 292 
2780 186 
2781 363 
2782 48 
2783 106 
2784 216 
2785 172 
2786 98 
2787 230 
2788 9 
2789 224 
2790 252 
2791 289 
2792 157 
2793 257 
2794 145 
2795 241 
2796 55 
2797 282 
2798 237 
2799 277 
2800 32 
2801 388 
2802 286 
2803 310 
2804 115 
2805 258 
2806 250 
2807 153 
2808 311 
2809 127 
2810 178 
2811 139 
2812 215 
2813 31 
2814 131 
2815 278 
2816 50 
2817 116 
2818 257 
2819 362 
2820 209 
2821 323 
2822 134 
2823 224 
2824 41 
2825 39 
2826 267 
2827 253 
2828 294 
2829 308 
2830 56 
2831 400 
2832 340 
2833 29 
2834 85 
2835 301 
2836 231 
2837 331 
2838 52 
2839 180 
2840 323 
2841 242 
2842 95 
2843 316 
2844 48 
2845 234 
2846 272 
2847 363 
2848 105 
2849 23 
2850 219 
2851 340 
2852 6 
2853 143 
2854 401 
2855 388 
2856 156 
2857 126 
2858 317 
2859 230 
2860 168 
2861 79 
2862 144 
2863 42 
2864 300 
2865 262 
2866 199 
2867 32 
2868 280 
2869 293 
2870 69 
2871 13 
2872 363 
2873 194 
2874 286 
2875 80 
2876 33 
2877 295 
2878 9 
2879 146 
2880 115 
2881 289 
2882 79 
2883 78 
2884 41 
2885 59 
2886 332 
2887 120 
2888 53 
2889 82 
2890 363 
2891 38 
2892 123 
2893 156 
2894 106 
2895 20 
2896 29 
2897 107 
2898 44 
2899 396 
2900 384 
2901 279 
2902 326 
2903 249 
2904 273 
2905 190 
2906 275 
2907 257 
2908 348 
2909 325 
2910 336 
2911 338 
2912 198 
2913 317 
2914 176 
2915 63 
2916 304 
2917 270 
2918 134 
2919 194 
2920 296 
2921 222 
2922 289 
2923 256 
2924 4 
2925 306 
2926 108 
2927 110 
2928 316 
2929 123 
2930 232 
2931 136 
2932 351 
2933 347 
2934 144 
2935 336 
2936 301 
2937 360 
2938 174 
2939 378 
2940 120 
2941 325 
2942 207 
2943 50 
2944 104 
2945 319 
2946 267 
2947 191 
2948 258 
2949 8 
2950 236 
2951 181 
2952 7 
2953 354 
2954 335 
2955 27 
2956 361 
2957 154 
2958 127 
2959 335 
2960 360 
2961 222 
2962 135 
2963 359 
2964 305 
2965 300 
2966 80 
2967 85 
2968 72 
2969 191 
2970 210 
2971 103 
2972 162 
2973 124 
2974 382 
2975 247 
2976 396 
2977 222 
2978 308 
2979 369 
2980 131 
2981 177 
2982 47 
2983 125 
2984 202 
2985 283 
2986 329 
2987 258 
2988 40 
2989 380 
2990 286 
2991 92 
2992 21 
2993 202 
2994 89 
2995 218 
2996 39 
2997 217 
2998 157 
2999 148 
3000 99 
3001 342 
3002 52 
3003 240 
3004 243 
3005 277 
3006 255 
3007 1 
3008 48 
3009 370 
3010 201 
3011 6 
3012 303 
3013 360 
3014 123 
3015 173 
3016 59 
3017 178 
3018 319 
3019 181 
3020 386 
3021 44 
3022 22 
3023 171 
3024 217 
3025 50 
3026 338 
3027 62 
3028 69 
3029 381 
3030 169 
3031 285 
3032 174 
3033 141 
3034 83 
3035 359 
3036 104 
3037 310 
3038 96 
3039 136 
3040 372 
3041 359 
3042 290 
3043 187 
3044 27 
3045 198 
3046 114 
3047 219 
3048 113 
3049 327 
3050 274 
3051 89 
3052 234 
3053 265 
3054 68 
3055 232 
3056 304 
3057 244 
3058 240 
3059 59 
3060 397 
3061 383 
3062 29 
3063 29 
3064 317 
3065 100 
3066 350 
3067 364 
3068 308 
3069 253 
3070 86 
3071 361 
3072 120 
3073 330 
3074 392 
3075 400 
3076 277 
3077 201 
3078 289 
3079 317 
3080 43 
3081 359 
3082 59 
3083 46 
3084 79 
3085 29 
3086 205 
3087 140 
3088 355 
3089 213 
3090 33 
3091 242 
3092 269 
3093 174 
3094 354 
3095 136 
3096 92 
3097 390 
3098 130 
3099 356 
3100 181 
3101 112 
3102 60 
3103 339 
3104 399 
3105 166 
3106 172 
3107 38 
3108 199 
3109 88 
3110 68 
3111 140 
3112 278 
3113 108 
3114 222 
3115 136 
3116 126 
3117 262 
3118 146 
3119 20 
3120 111 
3121 369 
3122 335 
3123 286 
3124 183 
3125 216 
3126 351 
3127 234 
3128 346 
3129 261 
3130 282 
3131 246 
3132 173 
3133 50 
3134 213 
3135 347 
3136 110 
3137 242 
3138 103 
3139 172 
3140 274 
3141 369 
3142 73 
3143 357 
3144 97 
3145 61 
3146 320 
3147 178 
3148 330 
3149 143 
3150 83 
3151 11 
3152 126 
3153 212 
3154 232 
3155 396 
3156 85 
3157 303 
3158 356 
3159 84 
3160 20 
3161 14 
3162 373 
3163 190 
3164 67 
3165 66 
3166 156 
3167 301 
3168 340 
3169 66 
3170 291 
3171 135 
3172 210 
3173 47 
3174 369 
3175 96 
3176 388 
3177 352 
3178 268 
3179 306 
3180 238 
3181 272 
3182 21 
3183 164 
3184 317 
3185 212 
3186 152 
3187 347 
3188 317 
3189 270 
3190 145 
3191 99 
3192 332 
3193 141 
3194 263 
3195 395 
3196 221 
3197 16 
3198 9 
3199 351 
3200 325 
3201 229 
3202 285 
3203 159 
3204 325 
3205 61 
3206 45 
3207 123 
3208 153 
3209 195 
3210 266 
3211 338 
3212 9 
3213 127 
3214 317 
3215 399 
3216 280 
3217 295 
3218 331 
3219 256 
3220 331 
3221 1 
3222 147 
3223 353 
3224 228 
3225 193 
3226 72 
3227 347 
3228 147 
3229 108 
3230 76 
3231 60 
3232 396 
3233 170 
3234 240 
3235 361 
3236 289 
3237 94 
3238 304 
3239 174 
3240 24 
3241 202 
3242 130 
3243 112 
3244 115 
3245 363 
3246 140 
3247 310 
3248 231 
3249 113 
3250 200 
3251 218 
3252 93 
3253 195 
3254 216 
3255 97 
3256 119 
3257 342 
3258 50 
3259 222 
3260 297 
3261 166 
3262 42 
3263 174 
3264 179 
3265 225 
3266 369 
3267 153 
3268 190 
3269 79 
3270 356 
3271 331 
3272 33 
3273 135 
3274 86 
3275 113 
3276 44 
3277 360 
3278 13 
3279 382 
3280 49 
3281 28 
3282 63 
3283 339 
3284 342 
3285 332 
3286 83 
3287 298 
3288 115 
3289 23 
3290 249 
3291 376 
3292 79 
3293 344 
3294 304 
3295 60 
3296 375 
3297 348 
3298 161 
3299 49 
3300 100 
3301 301 
3302 211 
3303 12 
3304 251 
3305 196 
3306 229 
3307 66 
3308 302 
3309 338 
3310 253 
3311 11 
3312 135 
3313 8 
3314 255 
3315 206 
3316 261 
3317 221 
3318 310 
3319 206 
3320 259 
3321 100 
3322 251 
3323 174 
3324 40 
3325 320 
3326 213 
3327 218 
3328 390 
3329 273 
3330 60 
3331 120 
3332 51 
3333 60 
3334 294 
3335 366 
3336 206 
3337 363 
3338 152 
3339 353 
3340 201 
3341 158 
3342 393 
3343 56 
3344 143 
3345 59 
3346 367 
3347 116 
3348 300 
3349 92 
3350 40 
3351 378 
3352 201 
3353 200 
3354 296 
3355 265 
3356 272 
3357 10 
3358 290 
3359 242 
3360 233 
3361 382 
3362 33 
3363 200 
3364 293 
3365 229 
3366 11 
3367 29 
3368 354 
3369 379 
3370 7 
3371 400 
3372 121 
3373 87 
3374 67 
3375 33 
3376 324 
3377 87 
3378 100 
3379 232 
3380 42 
3381 320 
3382 363 
3383 381 
3384 223 
3385 79 
3386 180 
3387 87 
3388 340 
3389 138 
3390 315 
3391 326 
3392 346 
3393 43 
3394 204 
3395 116 
3396 231 
3397 141 
3398 78 
3399 258 
3400 331 
3401 144 
3402 3 
3403 122 
3404 89 
3405 52 
3406 205 
3407 339 
3408 352 
3409 150 
3410 10 
3411 30 
3412 271 
3413 130 
3414 304 
3415 401 
3416 49 
3417 276 
3418 166 
3419 117 
3420 122 
3421 346 
3422 36 
3423 278 
3424 32 
3425 200 
3426 36 
3427 27 
3428 315 
3429 184 
3430 250 
3431 145 
3432 180 
3433 336 
3434 225 
3435 217 
3436 292 
3437 306 
3438 301 
3439 26 
3440 280 
3441 128 
3442 396 
3443 94 
3444 348 
3445 393 
3446 376 
3447 76 
3448 56 
3449 65 
3450 397 
3451 266 
3452 35 
3453 75 
3454 92 
3455 72 
3456 83 
3457 377 
3458 291 
3459 386 
3460 26 
3461 375 
3462 119 
3463 84 
3464 72 
3465 227 
3466 10 
3467 113 
3468 230 
3469 366 
3470 195 
3471 357 
3472 339 
3473 239 
3474 28 
3475 17 
3476 100 
3477 104 
3478 52 
3479 283 
3480 346 
3481 242 
3482 124 
3483 7 
3484 26 
3485 233 
3486 10 
3487 388 
3488 397 
3489 183 
3490 123 
3491 61 
3492 165 
3493 216 
3494 135 
3495 17 
3496 134 
3497 361 
3498 318 
3499 170 
3500 160 
3501 353 
3502 364 
3503 4 
3504 226 
3505 92 
3506 313 
3507 260 
3508 251 
3509 17 
3510 295 
3511 365 
3512 69 
3513 219 
3514 173 
3515 366 
3516 203 
3517 113 
3518 356 
3519 209 
3520 132 
3521 292 
3522 12 
3523 3 
3524 318 
3525 60 
3526 117 
3527 18 
3528 281 
3529 3 
3530 328 
3531 126 
3532 380 
3533 256 
3534 231 
3535 123 
3536 141 
3537 191 
3538 257 
3539 348 
3540 110 
3541 161 
3542 93 
3543 345 
3544 150 
3545 269 
3546 330 
3547 56 
3548 272 
3549 28 
3550 346 
3551 384 
3552 332 
3553 92 
3554 89 
3555 397 
3556 16 
3557 257 
3558 94 
3559 346 
3560 128 
3561 38 
3562 65 
3563 276 
3564 320 
3565 165 
3566 387 
3567 61 
3568 88 
3569 336 
3570 160 
3571 188 
3572 71 
3573 315 
3574 15 
3575 112 
3576 161 
3577 157 
3578 191 
3579 125 
3580 178 
3581 148 
3582 268 
3583 38 
3584 344 
3585 301 
3586 181 
3587 172 
3588 347 
3589 85 
3590 71 
3591 286 
3592 278 
3593 124 
3594 45 
3595 122 
3596 366 
3597 238 
3598 273 
3599 282 
3600 106 
3601 376 
3602 162 
3603 75 
3604 368 
3605 252 
3606 378 
3607 331 
3608 52 
3609 130 
3610 56 
3611 382 
3612 106 
3613 50 
3614 55 
3615 221 
3616 90 
3617 241 
3618 50 
3619 269 
3620 28 
3621 170 
3622 309 
3623 176 
3624 290 
3625 29 
3626 322 
3627 297 
3628 152 
3629 112 
3630 258 
3631 176 
3632 156 
3633 183 
3634 136 
3635 362 
3636 13 
3637 102 
3638 38 
3639 41 
3640 91 
3641 167 
3642 252 
3643 72 
3644 114 
3645 71 
3646 352 
3647 335 
3648 95 
3649 349 
3650 68 
3651 206 
3652 336 
3653 53 
3654 263 
3655 78 
3656 373 
3657 318 
3658 194 
3659 46 
3660 276 
3661 213 
3662 6 
3663 291 
3664 202 
3665 357 
3666 378 
3667 365 
3668 221 
3669 347 
3670 279 
3671 191 
3672 10 
3673 5 
3674 115 
3675 148 
3676 367 
3677 297 
3678 227 
3679 99 
3680 240 
3681 275 
3682 254 
3683 268 
3684 87 
3685 330 
3686 280 
3687 50 
3688 152 
3689 250 
3690 355 
3691 32 
3692 291 
3693 271 
3694 292 
3695 17 
3696 286 
3697 325 
3698 14 
3699 168 
3700 296 
3701 86 
3702 355 
3703 187 
3704 114 
3705 9 
3706 155 
3707 193 
3708 20 
3709 166 
3710 26 
3711 236 
3712 11 
3713 348 
3714 145 
3715 361 
3716 259 
3717 201 
3718 114 
3719 190 
3720 319 
3721 148 
3722 208 
3723 158 
3724 68 
3725 196 
3726 86 
3727 97 
3728 136 
3729 154 
3730 276 
3731 72 
3732 313 
3733 115 
3734 356 
3735 353 
3736 66 
3737 179 
3738 273 
3739 148 
3740 70 
3741 329 
3742 126 
3743 33 
3744 337 
3745 366 
3746 24 
3747 315 
3748 373 
3749 231 
3750 373 
3751 38 
3752 85 
3753 248 
3754 208 
3755 260 
3756 246 
3757 297 
3758 36 
3759 263 
3760 352 
3761 261 
3762 367 
3763 23 
3764 136 
3765 202 
3766 1 
3767 318 
3768 222 
3769 195 
3770 120 
3771 174 
3772 177 
3773 311 
3774 207 
3775 102 
3776 263 
3777 80 
3778 362 
3779 268 
3780 334 
3781 306 
3782 157 
3783 73 
3784 392 
3785 251 
3786 381 
3787 370 
3788 208 
3789 355 
3790 115 
3791 243 
3792 23 
3793 301 
3794 297 
3795 87 
3796 118 
3797 93 
3798 319 
3799 298 
3800 17 
3801 173 
3802 337 
3803 271 
3804 150 
3805 338 
3806 269 
3807 120 
3808 236 
3809 362 
3810 134 
3811 355 
3812 117 
3813 314 
3814 313 
3815 293 
3816 165 
3817 164 
3818 304 
3819 16 
3820 27 
3821 91 
3822 240 
3823 184 
3824 29 
3825 282 
3826 188 
3827 286 
3828 71 
3829 331 
3830 122 
3831 290 
3832 327 
3833 238 
3834 131 
3835 226 
3836 392 
3837 384 
3838 92 
3839 94 
3840 107 
3841 363 
3842 401 
3843 193 
3844 99 
3845 366 
3846 324 
3847 255 
3848 165 
3849 269 
3850 350 
3851 136 
3852 160 
3853 22 
3854 47 
3855 327 
3856 219 
3857 152 
3858 2 
3859 169 
3860 18 
3861 101 
3862 309 
3863 314 
3864 334 
3865 65 
3866 320 
3867 150 
3868 279 
3869 36 
3870 334 
3871 3 
3872 276 
3873 355 
3874 219 
3875 384 
3876 286 
3877 69 
3878 366 
3879 156 
3880 9 
3881 101 
3882 102 
3883 79 
3884 63 
3885 270 
3886 247 
3887 353 
3888 304 
3889 93 
3890 256 
3891 344 
3892 127 
3893 396 
3894 48 
3895 304 
3896 63 
3897 293 
3898 358 
3899 44 
3900 160 
3901 254 
3902 250 
3903 106 
3904 112 
3905 360 
3906 298 
3907 158 
3908 314 
3909 332 
3910 282 
3911 254 
3912 286 
3913 22 
3914 171 
3915 301 
3916 261 
3917 232 
3918 174 
3919 280 
3920 282 
3921 6 
3922 54 
3923 218 
3924 395 
3925 33 
3926 208 
3927 113 
3928 86 
3929 61 
3930 241 
3931 236 
3932 216 
3933 71 
3934 70 
3935 72 
3936 362 
3937 61 
3938 178 
3939 23 
3940 200 
3941 255 
3942 20 
3943 198 
3944 81 
3945 48 
3946 156 
3947 194 
3948 272 
3949 247 
3950 181 
3951 38 
3952 389 
3953 207 
3954 114 
3955 94 
3956 380 
3957 213 
3958 229 
3959 267 
3960 328 
3961 181 
3962 275 
3963 219 
3964 393 
3965 176 
3966 176 
3967 292 
3968 327 
3969 318 
3970 273 
3971 91 
3972 296 
3973 222 
3974 183 
3975 39 
3976 173 
3977 179 
3978 160 
3979 54 
3980 315 
3981 285 
3982 69 
3983 267 
3984 148 
3985 346 
3986 280 
3987 228 
3988 184 
3989 292 
3990 246 
3991 122 
3992 227 
3993 263 
3994 261 
3995 387 
3996 10 
3997 194 
3998 401 
3999 106 
4000 390 
4001 309 
4002 202 
4003 216 
4004 379 
4005 128 
4006 238 
4007 23 
4008 159 
4009 286 
4010 76 
4011 41 
4012 265 
4013 33 
4014 91 
4015 1 
4016 99 
4017 207 
4018 336 
4019 86 
4020 242 
4021 127 
4022 346 
4023 334 
4024 253 
4025 315 
4026 46 
4027 55 
4028 338 
4029 372 
4030 210 
4031 113 
4032 147 
4033 187 
4034 384 
4035 203 
4036 23 
4037 35 
4038 320 
4039 291 
4040 85 
4041 90 
4042 11 
4043 364 
4044 101 
4045 123 
4046 160 
4047 17 
4048 298 
4049 173 
4050 54 
4051 375 
4052 232 
4053 3 
4054 350 
4055 73 
4056 13 
4057 387 
4058 314 
4059 131 
4060 108 
4061 219 
4062 253 
4063 114 
4064 324 
4065 35 
4066 215 
4067 279 
4068 41 
4069 135 
4070 219 
4071 26 
4072 44 
4073 11 
4074 19 
4075 8 
4076 96 
4077 54 
4078 136 
4079 152 
4080 128 
4081 35 
4082 28 
4083 366 
4084 172 
4085 141 
4086 193 
4087 301 
4088 240 
4089 335 
4090 26 
4091 226 
4092 12 
4093 34 
4094 157 
4095 62 
4096 248 
4097 246 
4098 128 
4099 382 
4100 149 
4101 108 
4102 212 
4103 234 
4104 183 
4105 352 
4106 230 
4107 112 
4108 345 
4109 46 
4110 266 
4111 3 
4112 369 
4113 196 
4114 62 
4115 160 
4116 226 
4117 285 
4118 171 
4119 141 
4120 183 
4121 254 
4122 266 
4123 12 
4124 133 
4125 140 
4126 366 
4127 222 
4128 34 
4129 156 
4130 290 
4131 325 
4132 377 
4133 94 
4134 306 
4135 358 
4136 133 
4137 89 
4138 28 
4139 257 
4140 401 
4141 205 
4142 259 
4143 360 
4144 361 
4145 144 
4146 20 
4147 231 
4148 14 
4149 375 
4150 51 
4151 233 
4152 168 
4153 242 
4154 114 
4155 21 
4156 54 
4157 148 
4158 207 
4159 143 
4160 267 
4161 162 
4162 322 
4163 226 
4164 253 
4165 375 
4166 40 
4167 223 
4168 395 
4169 40 
4170 399 
4171 356 
4172 134 
4173 106 
4174 252 
4175 68 
4176 216 
4177 158 
4178 140 
4179 52 
4180 350 
4181 208 
4182 229 
4183 335 
4184 79 
4185 47 
4186 26 
4187 345 
4188 46 
4189 229 
4190 66 
4191 367 
4192 376 
4193 268 
4194 346 
4195 198 
4196 311 
4197 15 
4198 291 
4199 179 
4200 23 
4201 91 
4202 232 
4203 87 
4204 153 
4205 84 
4206 70 
4207 108 
4208 130 
4209 200 
4210 169 
4211 136 
4212 255 
4213 46 
4214 219 
4215 68 
4216 190 
4217 263 
4218 66 
4219 305 
4220 24 
4221 387 
4222 339 
4223 318 
4224 159 
4225 68 
4226 187 
4227 87 
4228 175 
4229 240 
4230 298 
4231 32 
4232 257 
4233 195 
4234 332 
4235 188 
4236 305 
4237 101 
4238 184 
4239 199 
4240 224 
4241 76 
4242 118 
4243 351 
4244 172 
4245 370 
4246 382 
4247 81 
4248 23 
4249 140 
4250 251 
4251 353 
4252 172 
4253 176 
4254 184 
4255 161 
4256 130 
4257 337 
4258 248 
4259 187 
4260 95 
4261 272 
4262 161 
4263 330 
4264 200 
4265 221 
4266 231 
4267 106 
4268 305 
4269 194 
4270 380 
4271 387 
4272 369 
4273 347 
4274 81 
4275 19 
4276 8 
4277 184 
4278 375 
4279 69 
4280 41 
4281 38 
4282 247 
4283 240 
4284 149 
4285 349 
4286 359 
4287 162 
4288 203 
4289 387 
4290 55 
4291 243 
4292 172 
4293 6 
4294 19 
4295 253 
4296 373 
4297 376 
4298 345 
4299 96 
4300 399 
4301 247 
4302 45 
4303 223 
4304 234 
4305 15 
4306 238 
4307 223 
4308 133 
4309 86 
4310 19 
4311 19 
4312 328 
4313 161 
4314 187 
4315 151 
4316 256 
4317 324 
4318 361 
4319 124 
4320 20 
4321 193 
4322 348 
4323 93 
4324 355 
4325 170 
4326 237 
4327 206 
4328 368 
4329 279 
4330 231 
4331 277 
4332 69 
4333 46 
4334 339 
4335 313 
4336 140 
4337 195 
4338 167 
4339 314 
4340 185 
4341 395 
4342 59 
4343 45 
4344 242 
4345 69 
4346 359 
4347 201 
4348 271 
4349 21 
4350 67 
4351 372 
4352 329 
4353 213 
4354 319 
4355 230 
4356 171 
4357 381 
4358 268 
4359 2 
4360 346 
4361 315 
4362 212 
4363 246 
4364 176 
4365 294 
4366 221 
4367 79 
4368 11 
4369 276 
4370 307 
4371 96 
4372 350 
4373 191 
4374 40 
4375 88 
4376 370 
4377 258 
4378 60 
4379 38 
4380 104 
4381 382 
4382 65 
4383 219 
4384 339 
4385 180 
4386 70 
4387 256 
4388 299 
4389 273 
4390 79 
4391 159 
4392 183 
4393 37 
4394 297 
4395 65 
4396 34 
4397 159 
4398 368 
4399 377 
4400 94 
4401 130 
4402 377 
4403 387 
4404 232 
4405 152 
4406 161 
4407 382 
4408 266 
4409 294 
4410 340 
4411 49 
4412 382 
4413 277 
4414 229 
4415 86 
4416 124 
4417 175 
4418 26 
4419 47 
4420 348 
4421 273 
4422 149 
4423 354 
4424 206 
4425 279 
4426 238 
4427 268 
4428 279 
4429 79 
4430 218 
4431 205 
4432 40 
4433 6 
4434 396 
4435 380 
4436 254 
4437 367 
4438 47 
4439 47 
4440 219 
4441 8 
4442 97 
4443 140 
4444 397 
4445 277 
4446 16 
4447 78 
4448 56 
4449 367 
4450 329 
4451 338 
4452 67 
4453 157 
4454 370 
4455 86 
4456 261 
4457 224 
4458 131 
4459 253 
4460 98 
4461 329 
4462 102 
4463 13 
4464 170 
4465 360 
4466 252 
4467 350 
4468 168 
4469 87 
4470 272 
4471 306 
4472 198 
4473 334 
4474 389 
4475 118 
4476 49 
4477 117 
4478 46 
4479 247 
4480 350 
4481 97 
4482 164 
4483 48 
4484 24 
4485 68 
4486 257 
4487 38 
4488 22 
4489 254 
4490 153 
4491 199 
4492 172 
4493 43 
4494 387 
4495 363 
4496 191 
4497 203 
4498 224 
4499 23 
4500 35 
4501 324 
4502 234 
4503 363 
4504 7 
4505 141 
4506 150 
4507 347 
4508 228 
4509 130 
4510 369 
4511 339 
4512 319 
4513 153 
4514 234 
4515 87 
4516 157 
4517 23 
4518 84 
4519 22 
4520 234 
4521 166 
4522 194 
4523 334 
4524 210 
4525 27 
4526 199 
4527 187 
4528 353 
4529 20 
4530 389 
4531 11 
4532 217 
4533 154 
4534 110 
4535 377 
4536 108 
4537 307 
4538 263 
4539 243 
4540 211 
4541 177 
4542 49 
4543 17 
4544 273 
4545 295 
4546 390 
4547 81 
4548 389 
4549 172 
4550 266 
4551 393 
4552 283 
4553 107 
4554 348 
4555 272 
4556 80 
4557 34 
4558 390 
4559 358 
4560 279 
4561 246 
4562 147 
4563 166 
4564 76 
4565 313 
4566 75 
4567 49 
4568 396 
4569 238 
4570 151 
4571 361 
4572 53 
4573 144 
4574 196 
4575 202 
4576 401 
4577 262 
4578 368 
4579 4 
4580 130 
4581 4 
4582 211 
4583 365 
4584 23 
4585 181 
4586 292 
4587 66 
4588 392 
4589 159 
4590 265 
4591 313 
4592 154 
4593 62 
4594 373 
4595 234 
4596 259 
4597 60 
4598 65 
4599 125 
4600 360 
4601 305 
4602 114 
4603 119 
4604 367 
4605 260 
4606 2 
4607 20 
4608 210 
4609 322 
4610 20 
4611 98 
4612 65 
4613 257 
4614 208 
4615 8 
4616 176 
4617 390 
4618 71 
4619 195 
4620 62 
4621 339 
4622 5 
4623 255 
4624 202 
4625 237 
4626 399 
4627 310 
4628 67 
4629 338 
4630 188 
4631 298 
4632 176 
4633 50 
4634 229 
4635 267 
4636 21 
4637 292 
4638 222 
4639 376 
4640 226 
4641 283 
4642 151 
4643 65 
4644 331 
4645 110 
4646 395 
4647 134 
4648 290 
4649 283 
4650 259 
4651 80 
4652 144 
4653 39 
4654 324 
4655 166 
4656 257 
4657 7 
4658 10 
4659 184 
4660 370 
4661 110 
4662 157 
4663 366 
4664 201 
4665 355 
4666 22 
4667 150 
4668 345 
4669 200 
4670 53 
4671 336 
4672 269 
4673 200 
4674 156 
4675 90 
4676 24 
4677 372 
4678 116 
4679 67 
4680 10 
4681 14 
4682 285 
4683 377 
4684 8 
4685 67 
4686 240 
4687 71 
4688 98 
4689 260 
4690 382 
4691 230 
4692 228 
4693 23 
4694 148 
4695 98 
4696 154 
4697 32 
4698 229 
4699 13 
4700 202 
4701 100 
4702 399 
4703 360 
4704 274 
4705 59 
4706 322 
4707 223 
4708 48 
4709 396 
4710 119 
4711 225 
4712 9 
4713 283 
4714 211 
4715 229 
4716 399 
4717 238 
4718 35 
4719 1 
4720 342 
4721 154 
4722 196 
4723 173 
4724 14 
4725 257 
4726 199 
4727 186 
4728 124 
4729 174 
4730 51 
4731 88 
4732 290 
4733 63 
4734 379 
4735 17 
4736 95 
4737 366 
4738 232 
4739 241 
4740 34 
4741 246 
4742 62 
4743 251 
4744 72 
4745 154 
4746 200 
4747 26 
4748 194 
4749 80 
4750 217 
4751 41 
4752 67 
4753 372 
4754 217 
4755 181 
4756 331 
4757 311 
4758 255 
4759 274 
4760 173 
4761 373 
4762 40 
4763 103 
4764 272 
4765 340 
4766 56 
4767 35 
4768 354 
4769 176 
4770 291 
4771 290 
4772 13 
4773 365 
4774 315 
4775 298 
4776 335 
4777 361 
4778 39 
4779 15 
4780 59 
4781 372 
4782 144 
4783 88 
4784 350 
4785 81 
4786 256 
4787 44 
4788 191 
4789 6 
4790 90 
4791 255 
4792 205 
4793 145 
4794 210 
4795 228 
4796 369 
4797 103 
4798 316 
4799 229 
4800 175 
4801 60 
4802 265 
4803 270 
4804 368 
4805 376 
4806 157 
4807 60 
4808 145 
4809 76 
4810 87 
4811 170 
4812 49 
4813 146 
4814 9 
4815 159 
4816 76 
4817 222 
4818 202 
4819 261 
4820 17 
4821 110 
4822 225 
4823 40 
4824 233 
4825 251 
4826 315 
4827 283 
4828 19 
4829 223 
4830 381 
4831 255 
4832 280 
4833 167 
4834 373 
4835 10 
4836 28 
4837 327 
4838 354 
4839 11 
4840 190 
4841 175 
4842 170 
4843 26 
4844 252 
4845 76 
4846 324 
4847 307 
4848 315 
4849 332 
4850 377 
4851 273 
4852 211 
4853 44 
4854 140 
4855 270 
4856 313 
4857 259 
4858 247 
4859 353 
4860 194 
4861 345 
4862 45 
4863 384 
4864 140 
4865 228 
4866 380 
4867 368 
4868 372 
4869 313 
4870 259 
4871 34 
4872 89 
4873 187 
4874 243 
4875 327 
4876 238 
4877 290 
4878 380 
4879 145 
4880 338 
4881 191 
4882 37 
4883 310 
4884 61 
4885 227 
4886 119 
4887 250 
4888 372 
4889 6 
4890 393 
4891 170 
4892 112 
4893 344 
4894 201 
4895 392 
4896 185 
4897 385 
4898 387 
4899 80 
4900 193 
4901 70 
4902 254 
4903 116 
4904 7 
4905 335 
4906 20 
4907 252 
4908 328 
4909 331 
4910 232 
4911 18 
4912 259 
4913 269 
4914 85 
4915 152 
4916 275 
4917 225 
4918 61 
4919 358 
4920 222 
4921 306 
4922 335 
4923 293 
4924 372 
4925 113 
4926 330 
4927 327 
4928 366 
4929 124 
4930 216 
4931 44 
4932 112 
4933 161 
4934 196 
4935 292 
4936 362 
4937 171 
4938 325 
4939 151 
4940 29 
4941 265 
4942 205 
4943 122 
4944 16 
4945 363 
4946 118 
4947 146 
4948 268 
4949 222 
4950 175 
4951 185 
4952 123 
4953 201 
4954 375 
4955 350 
4956 68 
4957 23 
4958 184 
4959 241 
4960 134 
4961 212 
4962 108 
4963 202 
4964 29 
4965 230 
4966 10 
4967 80 
4968 285 
4969 276 
4970 95 
4971 17 
4972 307 
4973 240 
4974 349 
4975 4 
4976 365 
4977 232 
4978 324 
4979 101 
4980 160 
4981 75 
4982 274 
4983 151 
4984 222 
4985 177 
4986 258 
4987 174 
4988 149 
4989 7 
4990 11 
4991 327 
4992 50 
4993 18 
4994 99 
4995 269 
4996 80 
4997 15 
4998 51 
4999 201 
5000 240 
5001 32 
5002 331 
5003 373 
5004 23 
5005 127 
5006 386 
5007 75 
5008 266 
5009 263 
5010 340 
5011 28 
5012 153 
5013 18 
5014 106 
5015 106 
5016 127 
5017 2 
5018 125 
5019 212 
5020 207 
5021 395 
5022 389 
5023 228 
5024 123 
5025 179 
5026 240 
5027 21 
5028 277 
5029 283 
5030 234 
5031 71 
5032 362 
5033 44 
5034 378 
5035 61 
5036 318 
5037 223 
5038 90 
5039 146 
5040 153 
5041 336 
5042 79 
5043 270 
5044 110 
5045 143 
5046 164 
5047 37 
5048 328 
5049 362 
5050 198 
5051 227 
5052 144 
5053 113 
5054 233 
5055 124 
5056 266 
5057 5 
5058 195 
5059 401 
5060 212 
5061 147 
5062 286 
5063 94 
5064 256 
5065 216 
5066 283 
5067 382 
5068 328 
5069 47 
5070 299 
5071 148 
5072 401 
5073 250 
5074 62 
5075 217 
5076 56 
5077 213 
5078 100 
5079 177 
5080 270 
5081 269 
5082 160 
5083 285 
5084 34 
5085 190 
5086 75 
5087 386 
5088 21 
5089 107 
5090 177 
5091 336 
5092 277 
5093 355 
5094 81 
5095 269 
5096 294 
5097 90 
5098 172 
5099 375 
5100 271 
5101 314 
5102 92 
5103 79 
5104 207 
5105 153 
5106 19 
5107 183 
5108 144 
5109 360 
5110 37 
5111 66 
5112 267 
5113 342 
5114 89 
5115 56 
5116 278 
5117 329 
5118 199 
5119 351 
5120 32 
5121 202 
5122 76 
5123 161 
5124 179 
5125 193 
5126 363 
5127 188 
5128 196 
5129 52 
5130 274 
5131 165 
5132 366 
5133 337 
5134 349 
5135 81 
5136 147 
5137 330 
5138 27 
5139 146 
5140 339 
5141 273 
5142 231 
5143 41 
5144 260 
5145 106 
5146 154 
5147 292 
5148 339 
5149 102 
5150 238 
5151 71 
5152 248 
5153 44 
5154 123 
5155 169 
5156 28 
5157 6 
5158 389 
5159 354 
5160 309 
5161 134 
5162 90 
5163 140 
5164 188 
5165 87 
5166 342 
5167 118 
5168 177 
5169 335 
5170 174 
5171 250 
5172 151 
5173 334 
5174 265 
5175 102 
5176 174 
5177 2 
5178 104 
5179 17 
5180 344 
5181 136 
5182 167 
5183 325 
5184 191 
5185 18 
5186 269 
5187 369 
5188 262 
5189 348 
5190 179 
5191 285 
5192 13 
5193 390 
5194 143 
5195 320 
5196 98 
5197 15 
5198 210 
5199 195 
5200 315 
5201 1 
5202 338 
5203 191 
5204 340 
5205 200 
5206 103 
5207 188 
5208 345 
5209 372 
5210 149 
5211 167 
5212 7 
5213 275 
5214 174 
5215 11 
5216 122 
5217 191 
5218 93 
5219 151 
5220 119 
5221 301 
5222 166 
5223 187 
5224 225 
5225 257 
5226 306 
5227 190 
5228 342 
5229 106 
5230 374 
5231 187 
5232 282 
5233 328 
5234 21 
5235 125 
5236 102 
5237 372 
5238 4 
5239 277 
5240 251 
5241 35 
5242 17 
5243 167 
5244 340 
5245 342 
5246 68 
5247 11 
5248 399 
5249 180 
5250 72 
5251 140 
5252 397 
5253 377 
5254 328 
5255 203 
5256 329 
5257 130 
5258 101 
5259 275 
5260 196 
5261 283 
5262 268 
5263 125 
5264 342 
5265 390 
5266 156 
5267 120 
5268 149 
5269 306 
5270 21 
5271 179 
5272 98 
5273 37 
5274 378 
5275 41 
5276 292 
5277 316 
5278 286 
5279 161 
5280 190 
5281 167 
5282 201 
5283 332 
5284 193 
5285 219 
5286 127 
5287 208 
5288 377 
5289 208 
5290 236 
5291 35 
5292 1 
5293 81 
5294 217 
5295 18 
5296 24 
5297 208 
5298 15 
5299 194 
5300 358 
5301 311 
5302 65 
5303 96 
5304 236 
5305 96 
5306 225 
5307 385 
5308 342 
5309 172 
5310 10 
5311 294 
5312 277 
5313 240 
5314 259 
5315 98 
5316 6 
5317 246 
5318 24 
5319 268 
5320 37 
5321 223 
5322 187 
5323 330 
5324 126 
5325 354 
5326 88 
5327 250 
5328 298 
5329 134 
5330 13 
5331 113 
5332 269 
5333 178 
5334 169 
5335 40 
5336 122 
5337 221 
5338 90 
5339 1 
5340 373 
5341 203 
5342 65 
5343 357 
5344 304 
5345 48 
5346 265 
5347 37 
5348 88 
5349 237 
5350 50 
5351 28 
5352 301 
5353 268 
5354 119 
5355 373 
5356 136 
5357 48 
5358 119 
5359 158 
5360 275 
5361 16 
5362 311 
5363 94 
5364 325 
5365 27 
5366 166 
5367 104 
5368 216 
5369 148 
5370 102 
5371 119 
5372 320 
5373 345 
5374 37 
5375 94 
5376 243 
5377 154 
5378 11 
5379 39 
5380 178 
5381 238 
5382 331 
5383 359 
5384 178 
5385 291 
5386 8 
5387 221 
5388 169 
5389 164 
5390 266 
5391 104 
5392 48 
5393 153 
5394 339 
5395 377 
5396 103 
5397 274 
5398 261 
5399 99 
5400 335 
5401 151 
5402 386 
5403 103 
5404 381 
5405 151 
5406 107 
5407 203 
5408 278 
5409 212 
5410 45 
5411 102 
5412 65 
5413 145 
5414 259 
5415 275 
5416 19 
5417 221 
5418 261 
5419 164 
5420 154 
5421 195 
5422 29 
5423 246 
5424 374 
5425 39 
5426 222 
5427 393 
5428 397 
5429 275 
5430 1 
5431 24 
5432 236 
5433 127 
5434 285 
5435 11 
5436 67 
5437 246 
5438 133 
5439 22 
5440 76 
5441 143 
5442 84 
5443 18 
5444 147 
5445 201 
5446 399 
5447 2 
5448 36 
5449 352 
5450 325 
5451 16 
5452 80 
5453 247 
5454 7 
5455 36 
5456 315 
5457 200 
5458 27 
5459 291 
5460 16 
5461 181 
5462 307 
5463 23 
5464 322 
5465 145 
5466 255 
5467 100 
5468 65 
5469 399 
5470 372 
5471 52 
5472 199 
5473 13 
5474 217 
5475 102 
5476 225 
5477 24 
5478 258 
5479 103 
5480 260 
5481 205 
5482 275 
5483 384 
5484 311 
5485 247 
5486 318 
5487 104 
5488 270 
5489 92 
5490 152 
5491 248 
5492 187 
5493 306 
5494 160 
5495 87 
5496 147 
5497 39 
5498 384 
5499 86 
5500 81 
5501 4 
5502 305 
5503 15 
5504 116 
5505 103 
5506 15 
5507 6 
5508 149 
5509 376 
5510 16 
5511 362 
5512 50 
5513 14 
5514 293 
5515 168 
5516 34 
5517 231 
5518 21 
5519 307 
5520 94 
5521 236 
5522 198 
5523 87 
5524 181 
5525 148 
5526 71 
5527 344 
5528 59 
5529 285 
5530 205 
5531 159 
5532 66 
5533 250 
5534 81 
5535 358 
5536 322 
5537 87 
5538 384 
5539 349 
5540 169 
5541 393 
5542 345 
5543 165 
5544 248 
5545 67 
5546 357 
5547 271 
5548 350 
5549 338 
5550 90 
5551 348 
5552 237 
5553 305 
5554 76 
5555 278 
5556 2 
5557 336 
5558 173 
5559 342 
5560 324 
5561 19 
5562 22 
5563 18 
5564 382 
5565 179 
5566 4 
5567 168 
5568 309 
5569 201 
5570 188 
5571 44 
5572 169 
5573 285 
5574 145 
5575 339 
5576 150 
5577 366 
5578 226 
5579 374 
5580 143 
5581 153 
5582 160 
5583 101 
5584 227 
5585 127 
5586 53 
5587 199 
5588 203 
5589 243 
5590 186 
5591 90 
5592 188 
5593 136 
5594 14 
5595 194 
5596 55 
5597 196 
5598 357 
5599 171 
5600 233 
5601 85 
5602 51 
5603 32 
5604 316 
5605 308 
5606 342 
5607 334 
5608 35 
5609 41 
5610 389 
5611 100 
5612 226 
5613 275 
5614 48 
5615 357 
5616 161 
5617 271 
5618 375 
5619 35 
5620 280 
5621 150 
5622 401 
5623 81 
5624 254 
5625 276 
5626 278 
5627 34 
5628 127 
5629 359 
5630 307 
5631 226 
5632 227 
5633 309 
5634 53 
5635 345 
5636 259 
5637 100 
5638 138 
5639 145 
5640 148 
5641 389 
5642 211 
5643 150 
5644 60 
5645 62 
5646 320 
5647 271 
5648 355 
5649 362 
5650 305 
5651 335 
5652 22 
5653 20 
5654 56 
5655 47 
5656 351 
5657 223 
5658 233 
5659 150 
5660 110 
5661 146 
5662 230 
5663 381 
5664 196 
5665 199 
5666 85 
5667 278 
5668 225 
5669 384 
5670 389 
5671 207 
5672 196 
5673 224 
5674 120 
5675 267 
5676 151 
5677 104 
5678 91 
5679 359 
5680 305 
5681 2 
5682 88 
5683 123 
5684 372 
5685 222 
5686 68 
5687 236 
5688 334 
5689 175 
5690 375 
5691 60 
5692 397 
5693 22 
5694 70 
5695 65 
5696 37 
5697 169 
5698 389 
5699 334 
5700 76 
5701 377 
5702 125 
5703 337 
5704 133 
5705 178 
5706 260 
5707 188 
5708 367 
5709 41 
5710 157 
5711 196 
5712 223 
5713 374 
5714 286 
5715 43 
5716 232 
5717 24 
5718 385 
5719 161 
5720 21 
5721 80 
5722 336 
5723 399 
5724 24 
5725 240 
5726 308 
5727 98 
5728 238 
5729 2 
5730 316 
5731 83 
5732 286 
5733 207 
5734 227 
5735 98 
5736 200 
5737 327 
5738 308 
5739 101 
5740 126 
5741 94 
5742 307 
5743 216 
5744 27 
5745 164 
5746 88 
5747 365 
5748 3 
5749 308 
5750 329 
5751 22 
5752 384 
5753 340 
5754 72 
5755 37 
5756 396 
5757 140 
5758 28 
5759 374 
5760 299 
5761 352 
5762 283 
5763 17 
5764 87 
5765 83 
5766 299 
5767 120 
5768 212 
5769 365 
5770 285 
5771 5 
5772 299 
5773 238 
5774 224 
5775 4 
5776 59 
5777 128 
5778 190 
5779 56 
5780 247 
5781 181 
5782 358 
5783 259 
5784 183 
5785 164 
5786 24 
5787 103 
5788 164 
5789 60 
5790 370 
5791 241 
5792 392 
5793 99 
5794 205 
5795 255 
5796 93 
5797 376 
5798 119 
5799 263 
5800 21 
5801 349 
5802 27 
5803 62 
5804 306 
5805 146 
5806 293 
5807 116 
5808 162 
5809 241 
5810 44 
5811 37 
5812 119 
5813 308 
5814 338 
5815 375 
5816 243 
5817 362 
5818 193 
5819 311 
5820 88 
5821 45 
5822 259 
5823 3 
5824 338 
5825 260 
5826 13 
5827 153 
5828 286 
5829 359 
5830 4 
5831 97 
5832 62 
5833 366 
5834 293 
5835 401 
5836 167 
5837 126 
5838 162 
5839 167 
5840 188 
5841 387 
5842 128 
5843 19 
5844 2 
5845 273 
5846 266 
5847 165 
5848 351 
5849 48 
5850 86 
5851 168 
5852 13 
5853 103 
5854 152 
5855 401 
5856 106 
5857 79 
5858 134 
5859 93 
5860 369 
5861 190 
5862 39 
5863 83 
5864 159 
5865 248 
5866 202 
5867 269 
5868 69 
5869 392 
5870 393 
5871 205 
5872 342 
5873 5 
5874 348 
5875 265 
5876 305 
5877 71 
5878 365 
5879 178 
5880 15 
5881 339 
5882 329 
5883 47 
5884 188 
5885 313 
5886 104 
5887 171 
5888 360 
5889 225 
5890 355 
5891 52 
5892 257 
5893 395 
5894 14 
5895 348 
5896 179 
5897 146 
5898 382 
5899 126 
5900 116 
5901 112 
5902 222 
5903 66 
5904 43 
5905 372 
5906 210 
5907 395 
5908 232 
5909 50 
5910 3 
5911 87 
5912 50 
5913 154 
5914 133 
5915 311 
5916 39 
5917 8 
5918 292 
5919 308 
5920 248 
5921 259 
5922 339 
5923 146 
5924 198 
5925 345 
5926 44 
5927 250 
5928 230 
5929 363 
5930 167 
5931 280 
5932 188 
5933 18 
5934 401 
5935 366 
5936 385 
5937 52 
5938 85 
5939 221 
5940 358 
5941 123 
5942 107 
5943 89 
5944 175 
5945 164 
5946 3 
5947 68 
5948 128 
5949 140 
5950 94 
5951 122 
5952 65 
5953 223 
5954 336 
5955 146 
5956 158 
5957 44 
5958 395 
5959 280 
5960 207 
5961 329 
5962 208 
5963 306 
5964 286 
5965 173 
5966 316 
5967 337 
5968 327 
5969 44 
5970 254 
5971 206 
5972 270 
5973 196 
5974 128 
5975 238 
5976 293 
5977 243 
5978 329 
5979 152 
5980 309 
5981 386 
5982 340 
5983 186 
5984 37 
5985 335 
5986 251 
5987 179 
5988 273 
5989 127 
5990 397 
5991 260 
5992 199 
5993 365 
5994 392 
5995 392 
5996 3 
5997 363 
5998 247 
5999 119 
6000 115 
6001 378 
6002 363 
6003 120 
6004 124 
6005 269 
6006 305 
6007 70 
6008 78 
6009 342 
6010 16 
6011 173 
6012 80 
6013 134 
6014 168 
6015 169 
6016 387 
6017 354 
6018 4 
6019 342 
6020 334 
6021 126 
6022 175 
6023 22 
6024 184 
6025 119 
6026 143 
6027 386 
6028 205 
6029 134 
6030 93 
6031 261 
6032 35 
6033 378 
6034 126 
6035 83 
6036 63 
6037 360 
6038 152 
6039 14 
6040 171 
6041 374 
6042 51 
6043 149 
6044 154 
6045 351 
6046 27 
6047 348 
6048 357 
6049 180 
6050 387 
6051 310 
6052 60 
6053 71 
6054 378 
6055 261 
6056 327 
6057 21 
6058 399 
6059 233 
6060 393 
6061 270 
6062 28 
6063 107 
6064 103 
6065 238 
6066 119 
6067 247 
6068 274 
6069 180 
6070 210 
6071 151 
6072 298 
6073 316 
6074 260 
6075 91 
6076 103 
6077 386 
6078 104 
6079 344 
6080 352 
6081 69 
6082 330 
6083 358 
6084 136 
6085 119 
6086 386 
6087 280 
6088 146 
6089 254 
6090 59 
6091 15 
6092 262 
6093 257 
6094 310 
6095 251 
6096 152 
6097 173 
6098 349 
6099 206 
6100 212 
6101 227 
6102 363 
6103 397 
6104 104 
6105 397 
6106 79 
6107 322 
6108 110 
6109 210 
6110 237 
6111 298 
6112 254 
6113 126 
6114 278 
6115 85 
6116 230 
6117 80 
6118 378 
6119 101 
6120 304 
6121 5 
6122 1 
6123 322 
6124 56 
6125 52 
6126 327 
6127 344 
6128 90 
6129 65 
6130 24 
6131 78 
6132 256 
6133 112 
6134 20 
6135 6 
6136 150 
6137 134 
6138 8 
6139 167 
6140 173 
6141 257 
6142 316 
6143 251 
6144 169 
6145 369 
6146 133 
6147 180 
6148 225 
6149 52 
6150 59 
6151 308 
6152 120 
6153 299 
6154 381 
6155 70 
6156 241 
6157 48 
6158 41 
6159 37 
6160 183 
6161 134 
6162 313 
6163 378 
6164 392 
6165 301 
6166 392 
6167 243 
6168 178 
6169 68 
6170 115 
6171 378 
6172 318 
6173 270 
6174 116 
6175 339 
6176 55 
6177 401 
6178 127 
6179 280 
6180 63 
6181 45 
6182 232 
6183 41 
6184 123 
6185 233 
6186 34 
6187 76 
6188 107 
6189 27 
6190 10 
6191 35 
6192 41 
6193 63 
6194 310 
6195 6 
6196 401 
6197 227 
6198 227 
6199 355 
6200 366 
6201 227 
6202 47 
6203 243 
6204 164 
6205 263 
6206 257 
6207 71 
6208 152 
6209 134 
6210 243 
6211 85 
6212 75 
6213 62 
6214 200 
6215 274 
6216 2 
6217 164 
6218 340 
6219 146 
6220 2 
6221 396 
6222 227 
6223 97 
6224 358 
6225 55 
6226 278 
6227 340 
6228 144 
6229 372 
6230 91 
6231 83 
6232 259 
6233 226 
6234 293 
6235 207 
6236 69 
6237 90 
6238 183 
6239 5 
6240 85 
6241 344 
6242 172 
6243 85 
6244 216 
6245 146 
6246 15 
6247 316 
6248 305 
6249 273 
6250 55 
6251 71 
6252 338 
6253 101 
6254 66 
6255 186 
6256 133 
6257 344 
6258 91 
6259 293 
6260 200 
6261 143 
6262 168 
6263 171 
6264 167 
6265 160 
6266 124 
6267 15 
6268 362 
6269 338 
6270 2 
6271 143 
6272 123 
6273 338 
6274 293 
6275 357 
6276 270 
6277 69 
6278 232 
6279 138 
6280 154 
6281 85 
6282 254 
6283 273 
6284 267 
6285 43 
6286 61 
6287 397 
6288 206 
6289 206 
6290 243 
6291 318 
6292 173 
6293 55 
6294 254 
6295 232 
6296 56 
6297 55 
6298 68 
6299 39 
6300 339 
6301 365 
6302 210 
6303 342 
6304 91 
6305 198 
6306 259 
6307 311 
6308 262 
6309 100 
6310 180 
6311 165 
6312 376 
6313 368 
6314 80 
6315 100 
6316 100 
6317 225 
6318 122 
6319 272 
6320 207 
6321 186 
6322 344 
6323 381 
6324 88 
6325 83 
6326 157 
6327 47 
6328 233 
6329 115 
6330 128 
6331 238 
6332 233 
6333 397 
6334 69 
6335 372 
6336 164 
6337 115 
6338 372 
6339 208 
6340 115 
6341 299 
6342 118 
6343 230 
6344 143 
6345 381 
6346 324 
6347 370 
6348 144 
6349 293 
6350 180 
6351 344 
6352 301 
6353 276 
6354 39 
6355 113 
6356 358 
6357 62 
6358 18 
6359 208 
6360 366 
6361 150 
6362 89 
6363 62 
6364 385 
6365 395 
6366 88 
6367 396 
6368 210 
6369 370 
6370 50 
6371 401 
6372 324 
6373 250 
6374 18 
6375 136 
6376 79 
6377 24 
6378 151 
6379 270 
6380 257 
6381 63 
6382 55 
6383 187 
6384 265 
6385 395 
6386 69 
6387 48 
6388 112 
6389 241 
6390 52 
6391 118 
6392 8 
6393 293 
6394 116 
6395 21 
6396 340 
6397 212 
6398 158 
6399 21 
6400 44 
6401 122 
6402 377 
6403 199 
6404 236 
6405 307 
6406 158 
6407 160 
6408 100 
6409 241 
6410 110 
6411 344 
6412 336 
6413 301 
6414 273 
6415 270 
6416 24 
6417 378 
6418 128 
6419 216 
6420 91 
6421 350 
6422 318 
6423 267 
6424 384 
6425 222 
6426 103 
6427 199 
6428 270 
6429 145 
6430 83 
6431 124 
6432 83 
6433 219 
6434 283 
6435 342 
6436 269 
6437 37 
6438 124 
6439 44 
6440 13 
6441 2 
6442 136 
6443 186 
6444 381 
6445 20 
6446 318 
6447 162 
6448 59 
6449 183 
6450 315 
6451 251 
6452 212 
6453 382 
6454 238 
6455 252 
6456 69 
6457 313 
6458 147 
6459 68 
6460 70 
6461 283 
6462 160 
6463 140 
6464 125 
6465 241 
6466 350 
6467 175 
6468 148 
6469 210 
6470 365 
6471 359 
6472 126 
6473 283 
6474 169 
6475 133 
6476 14 
6477 283 
6478 19 
6479 270 
6480 175 
6481 196 
6482 352 
6483 223 
6484 267 
6485 359 
6486 310 
6487 165 
6488 56 
6489 63 
6490 55 
6491 260 
6492 39 
6493 368 
6494 393 
6495 143 
6496 145 
6497 238 
6498 359 
6499 165 
6500 250 
6501 246 
6502 80 
6503 159 
6504 127 
6505 259 
6506 338 
6507 63 
6508 45 
6509 316 
6510 369 
6511 71 
6512 188 
6513 337 
6514 118 
6515 367 
6516 365 
6517 399 
6518 178 
6519 55 
6520 206 
6521 76 
6522 392 
6523 334 
6524 377 
6525 236 
6526 216 
6527 51 
6528 399 
6529 298 
6530 342 
6531 199 
6532 207 
6533 97 
6534 260 
6535 350 
6536 94 
6537 162 
6538 138 
6539 280 
6540 395 
6541 257 
6542 50 
6543 47 
6544 171 
6545 263 
6546 148 
6547 99 
6548 140 
6549 250 
6550 309 
6551 147 
6552 175 
6553 374 
6554 167 
6555 15 
6556 28 
6557 196 
6558 147 
6559 48 
6560 159 
6561 238 
6562 293 
6563 357 
6564 202 
6565 80 
6566 205 
6567 286 
6568 399 
6569 324 
6570 16 
6571 349 
6572 13 
6573 263 
6574 261 
6575 324 
6576 45 
6577 306 
6578 360 
6579 269 
6580 116 
6581 337 
6582 337 
6583 393 
6584 401 
6585 188 
6586 358 
6587 336 
6588 10 
6589 175 
6590 180 
6591 13 
6592 178 
6593 144 
6594 246 
6595 330 
6596 140 
6597 360 
6598 133 
6599 247 
6600 251 
6601 389 
6602 70 
6603 162 
6604 223 
6605 61 
6606 367 
6607 52 
6608 269 
6609 27 
6610 261 
6611 167 
6612 385 
6613 309 
6614 48 
6615 381 
6616 260 
6617 254 
6618 322 
6619 113 
6620 160 
6621 85 
6622 399 
6623 351 
6624 59 
6625 6 
6626 252 
6627 103 
6628 349 
6629 221 
6630 79 
6631 128 
6632 169 
6633 43 
6634 167 
6635 118 
6636 51 
6637 199 
6638 184 
6639 147 
6640 392 
6641 164 
6642 313 
6643 201 
6644 358 
6645 401 
6646 212 
6647 299 
6648 350 
6649 190 
6650 266 
6651 4 
6652 37 
6653 340 
6654 276 
6655 136 
6656 23 
6657 206 
6658 227 
6659 22 
6660 385 
6661 337 
6662 219 
6663 208 
6664 238 
6665 248 
6666 118 
6667 91 
6668 15 
6669 251 
6670 393 
6671 4 
6672 270 
6673 225 
6674 257 
6675 360 
6676 51 
6677 247 
6678 276 
6679 147 
6680 3 
6681 110 
6682 266 
6683 310 
6684 4 
6685 339 
6686 76 
6687 24 
6688 98 
6689 397 
6690 316 
6691 62 
6692 236 
6693 330 
6694 369 
6695 395 
6696 345 
6697 256 
6698 276 
6699 301 
6700 123 
6701 16 
6702 134 
6703 184 
6704 392 
6705 63 
6706 75 
6707 154 
6708 382 
6709 280 
6710 336 
6711 363 
6712 355 
6713 91 
6714 158 
6715 80 
6716 355 
6717 360 
6718 97 
6719 190 
6720 387 
6721 140 
6722 5 
6723 184 
6724 265 
6725 340 
6726 345 
6727 348 
6728 266 
6729 199 
6730 324 
6731 316 
6732 254 
6733 256 
6734 98 
6735 207 
6736 206 
6737 80 
6738 134 
6739 199 
6740 393 
6741 55 
6742 236 
6743 377 
6744 381 
6745 186 
6746 354 
6747 47 
6748 370 
6749 381 
6750 4 
6751 389 
6752 335 
6753 196 
6754 246 
6755 47 
6756 76 
6757 307 
6758 127 
6759 113 
6760 262 
6761 306 
6762 116 
6763 187 
6764 89 
6765 397 
6766 324 
6767 180 
6768 78 
6769 165 
6770 123 
6771 175 
6772 145 
6773 348 
6774 27 
6775 14 
6776 183 
6777 247 
6778 274 
6779 381 
6780 263 
6781 113 
6782 143 
6783 266 
6784 261 
6785 313 
6786 124 
6787 357 
6788 248 
6789 376 
6790 146 
6791 336 
6792 205 
6793 357 
6794 202 
6795 298 
6796 205 
6797 324 
6798 125 
6799 241 
6800 179 
6801 179 
6802 175 
6803 37 
6804 309 
6805 324 
6806 51 
6807 370 
6808 75 
6809 159 
6810 175 
6811 188 
6812 115 
6813 175 
6814 23 
6815 3 
6816 79 
6817 355 
6818 53 
6819 65 
6820 298 
6821 15 
6822 270 
6823 324 
6824 236 
6825 75 
6826 144 
6827 145 
6828 313 
6829 338 
6830 51 
6831 377 
6832 133 
6833 69 
6834 154 
6835 263 
6836 334 
6837 363 
6838 208 
6839 43 
6840 363 
6841 372 
6842 293 
6843 145 
6844 306 
6845 299 
6846 238 
6847 368 
6848 342 
6849 370 
6850 19 
6851 138 
6852 127 
6853 344 
6854 140 
6855 80 
6856 199 
6857 216 
6858 149 
6859 19 
6860 270 
6861 271 
6862 94 
6863 313 
6864 41 
6865 136 
6866 165 
6867 41 
6868 310 
6869 124 
6870 164 
6871 149 
6872 55 
6873 68 
6874 350 
6875 134 
6876 267 
6877 75 
6878 157 
6879 201 
6880 47 
6881 104 
6882 41 
6883 183 
6884 283 
6885 324 
6886 162 
6887 65 
6888 59 
6889 344 
6890 212 
6891 272 
6892 365 
6893 61 
6894 127 
6895 118 
6896 376 
6897 265 
6898 138 
6899 20 
6900 396 
6901 334 
6902 98 
6903 265 
6904 313 
6905 107 
6906 103 
6907 389 
6908 154 
6909 267 
6910 381 
6911 316 
6912 222 
6913 157 
6914 397 
6915 311 
6916 306 
6917 113 
6918 280 
6919 250 
6920 169 
6921 309 
6922 68 
6923 338 
6924 275 
6925 186 
6926 91 
6927 133 
6928 339 
6929 5 
6930 128 
6931 298 
6932 207 
6933 126 
6934 13 
6935 196 
6936 337 
6937 348 
6938 248 
6939 45 
6940 238 
6941 280 
6942 227 
6943 252 
6944 338 
6945 16 
6946 205 
6947 262 
6948 358 
6949 266 
6950 93 
6951 370 
6952 104 
6953 167 
6954 338 
6955 259 
6956 269 
6957 369 
6958 309 
6959 318 
6960 270 
6961 345 
6962 147 
6963 83 
6964 149 
6965 236 
6966 52 
6967 261 
6968 167 
6969 188 
6970 304 
6971 59 
6972 165 
6973 225 
6974 252 
6975 175 
6976 276 
6977 352 
6978 83 
6979 53 
6980 396 
6981 322 
6982 351 
6983 386 
6984 157 
6985 322 
6986 160 
6987 89 
6988 359 
6989 272 
6990 169 
6991 338 
6992 318 
6993 261 
6994 93 
6995 93 
6996 99 
6997 385 
6998 91 
6999 248 
7000 384 
7001 154 
7002 162 
7003 186 
7004 387 
7005 186 
7006 237 
7007 301 
7008 397 
7009 2 
7010 180 
7011 377 
7012 368 
7013 136 
7014 368 
7015 178 
7016 153 
7017 198 
7018 307 
7019 223 
7020 125 
7021 143 
7022 149 
7023 260 
7024 339 
7025 187 
7026 110 
7027 51 
7028 299 
7029 386 
7030 93 
7031 227 
7032 233 
7033 354 
7034 126 
7035 186 
7036 104 
7037 340 
7038 62 
7039 93 
7040 78 
7041 153 
7042 368 
7043 162 
7044 305 
7045 254 
7046 172 
7047 167 
7048 305 
7049 370 
7050 236 
7051 350 
7052 75 
7053 276 
7054 372 
7055 4 
7056 355 
7057 99 
7058 369 
7059 310 
7060 52 
7061 133 
7062 387 
7063 20 
7064 315 
7065 169 
7066 355 
7067 63 
7068 147 
7069 165 
7070 44 
7071 370 
7072 216 
7073 351 
7074 2 
7075 316 
7076 178 
7077 126 
7078 41 
7079 144 
7080 363 
7081 70 
7082 237 
7083 158 
7084 349 
7085 384 
7086 334 
7087 179 
7088 386 
7089 225 
7090 15 
7091 147 
7092 304 
7093 262 
7094 322 
7095 101 
7096 387 
7097 162 
7098 262 
7099 94 
7100 146 
7101 304 
7102 227 
7103 97 
7104 334 
7105 45 
7106 165 
7107 260 
7108 136 
7109 140 
7110 22 
7111 225 
7112 254 
7113 78 
7114 55 
7115 19 
7116 310 
7117 10 
7118 184 
7119 381 
7120 315 
7121 236 
7122 254 
7123 310 
7124 385 
7125 159 
7126 116 
7127 125 
7128 70 
7129 401 
7130 2 
7131 372 
7132 377 
7133 374 
7134 233 
7135 180 
7136 376 
7137 337 
7138 116 
7139 261 
7140 396 
7141 180 
7142 15 
7143 134 
7144 85 
7145 85 
7146 5 
7147 97 
7148 70 
7149 175 
7150 183 
7151 147 
7152 374 
7153 145 
7154 305 
7155 16 
7156 99 
7157 262 
7158 401 
7159 151 
7160 51 
7161 280 
7162 45 
7163 357 
7164 392 
7165 149 
7166 16 
7167 97 
7168 13 
7169 172 
7170 68 
7171 187 
7172 351 
7173 172 
7174 133 
7175 230 
7176 396 
7177 237 
7178 3 
7179 305 
7180 70 
7181 381 
7182 315 
7183 315 
7184 259 
7185 293 
7186 3 
7187 53 
7188 318 
7189 307 
7190 241 
7191 151 
7192 99 
7193 152 
7194 168 
7195 124 
7196 316 
7197 16 
7198 158 
7199 259 
7200 104 
7201 171 
7202 169 
7203 222 
7204 386 
7205 357 
7206 149 
7207 348 
7208 354 
7209 381 
7210 275 
7211 167 
7212 83 
7213 351 
7214 65 
7215 196 
7216 387 
7217 237 
7218 271 
7219 23 
7220 206 
7221 151 
7222 269 
7223 376 
7224 199 
7225 149 
7226 41 
7227 274 
7228 85 
7229 15 
7230 393 
7231 10 
7232 146 
7233 355 
7234 4 
7235 65 
7236 62 
7237 236 
7238 83 
7239 349 
7240 342 
7241 313 
7242 126 
7243 99 
7244 351 
7245 387 
7246 124 
7247 199 
7248 97 
7249 27 
7250 263 
7251 152 
7252 252 
7253 52 
7254 345 
7255 339 
7256 266 
7257 309 
7258 381 
7259 171 
7260 199 
7261 98 
7262 103 
7263 91 
7264 175 
7265 80 
7266 183 
7267 345 
7268 97 
7269 301 
7270 2 
7271 227 
7272 349 
7273 280 
7274 184 
7275 78 
7276 143 
7277 127 
7278 301 
7279 237 
7280 83 
7281 269 
7282 171 
7283 187 
7284 237 
7285 168 
7286 91 
7287 150 
7288 160 
7289 101 
7290 23 
7291 118 
7292 397 
7293 62 
7294 172 
7295 162 
7296 147 
7297 354 
7298 247 
7299 61 
7300 160 
7301 116 
7302 190 
7303 41 
7304 107 
7305 368 
7306 307 
7307 16 
7308 179 
7309 359 
7310 237 
7311 3 
7312 359 
7313 338 
7314 293 
7315 385 
7316 293 
7317 359 
7318 311 
7319 225 
7320 385 
7321 350 
7322 200 
7323 98 
7324 223 
7325 310 
7326 79 
7327 207 
7328 205 
7329 43 
7330 305 
7331 118 
7332 168 
7333 315 
7334 183 
7335 307 
7336 272 
7337 271 
7338 360 
7339 247 
7340 246 
7341 48 
7342 368 
7343 246 
7344 283 
7345 100 
7346 350 
7347 8 
7348 272 
7349 338 
7350 200 
7351 190 
7352 241 
7353 164 
7354 162 
7355 271 
7356 152 
7357 45 
7358 44 
7359 366 
7360 150 
7361 259 
7362 377 
7363 386 
7364 100 
7365 184 
7366 93 
7367 152 
7368 89 
7369 63 
7370 256 
7371 198 
7372 83 
7373 101 
7374 41 
7375 167 
7376 97 
7377 147 
7378 154 
7379 374 
7380 338 
7381 272 
7382 232 
7383 144 
7384 75 
7385 369 
7386 113 
7387 116 
7388 56 
7389 306 
7390 20 
7391 37 
7392 243 
7393 401 
7394 205 
7395 362 
7396 196 
7397 272 
7398 123 
7399 127 
7400 280 
7401 183 
7402 149 
7403 133 
7404 271 
7405 43 
7406 83 
7407 336 
7408 269 
7409 55 
7410 274 
7411 261 
7412 53 
7413 27 
7414 45 
7415 271 
7416 374 
7417 8 
7418 70 
7419 110 
7420 225 
7421 37 
7422 272 
7423 45 
7424 41 
7425 45 
7426 334 
7427 212 
7428 223 
7429 252 
7430 45 
7431 124 
7432 269 
7433 261 
7434 126 
7435 396 
7436 348 
7437 180 
7438 386 
7439 20 
7440 238 
7441 51 
7442 299 
7443 2 
7444 233 
7445 306 
7446 243 
7447 262 
7448 187 
7449 59 
7450 123 
7451 283 
7452 275 
7453 158 
7454 16 
7455 69 
7456 223 
7457 153 
7458 265 
7459 162 
7460 271 
7461 180 
7462 206 
7463 271 
7464 140 
7465 260 
7466 392 
7467 358 
7468 256 
7469 175 
7470 80 
7471 63 
7472 98 
7473 179 
7474 171 
7475 221 
7476 138 
7477 205 
7478 125 
7479 13 
7480 19 
7481 241 
7482 172 
7483 272 
7484 334 
7485 103 
7486 247 
7487 5 
7488 128 
7489 275 
7490 138 
7491 397 
7492 178 
7493 363 
7494 337 
7495 385 
7496 208 
7497 103 
7498 158 
7499 368 
7500 62 
7501 233 
7502 236 
7503 180 
7504 208 
7505 179 
7506 125 
7507 349 
7508 230 
7509 152 
7510 275 
7511 78 
7512 352 
7513 165 
7514 219 
7515 99 
7516 354 
7517 147 
7518 20 
7519 56 
7520 162 
7521 392 
7522 94 
7523 147 
7524 299 
7525 342 
7526 222 
7527 261 
7528 14 
7529 369 
7530 349 
7531 78 
7532 4 
7533 124 
7534 101 
7535 171 
7536 369 
7537 14 
7538 358 
7539 100 
7540 14 
7541 222 
7542 14 
7543 196 
7544 140 
7545 159 
7546 396 
7547 128 
7548 138 
7549 392 
7550 68 
7551 27 
7552 126 
7553 13 
7554 94 
7555 366 
7556 350 
7557 318 
7558 350 
7559 165 
7560 266 
7561 37 
7562 75 
7563 134 
7564 237 
7565 293 
7566 344 
7567 257 
7568 157 
7569 370 
7570 205 
7571 179 
7572 61 
7573 350 
7574 237 
7575 93 
7576 179 
7577 89 
7578 271 
7579 2 
7580 180 
7581 147 
7582 79 
7583 273 
7584 336 
7585 198 
7586 252 
7587 359 
7588 85 
7589 304 
7590 169 
7591 153 
7592 48 
7593 362 
7594 98 
7595 107 
7596 55 
7597 376 
7598 368 
7599 305 
7600 146 
7601 324 
7602 41 
7603 221 
7604 336 
7605 307 
7606 387 
7607 45 
7608 188 
7609 127 
7610 196 
7611 336 
7612 3 
7613 150 
7614 377 
7615 183 
7616 178 
7617 180 
7618 91 
7619 43 
7620 188 
7621 13 
7622 362 
7623 338 
7624 103 
7625 162 
7626 179 
7627 219 
7628 52 
7629 349 
7630 178 
7631 160 
7632 273 
7633 384 
7634 44 
7635 387 
7636 110 
7637 178 
7638 227 
7639 159 
7640 175 
7641 183 
7642 165 
7643 107 
7644 262 
7645 104 
7646 48 
7647 175 
7648 136 
7649 78 
7650 306 
7651 384 
7652 307 
7653 265 
7654 221 
7655 225 
7656 306 
7657 280 
7658 20 
7659 301 
7660 219 
7661 184 
7662 44 
7663 293 
7664 199 
7665 8 
7666 199 
7667 354 
7668 8 
7669 310 
7670 140 
7671 261 
7672 126 
7673 269 
7674 369 
7675 362 
7676 136 
7677 43 
7678 107 
7679 337 
7680 265 
7681 310 
7682 186 
7683 16 
7684 368 
7685 237 
7686 63 
7687 53 
7688 360 
7689 355 
7690 178 
7691 241 
7692 316 
7693 299 
7694 83 
7695 160 
7696 133 
7697 223 
7698 267 
7699 362 
7700 14 
7701 127 
7702 381 
7703 219 
7704 123 
7705 179 
7706 368 
7707 147 
7708 93 
7709 23 
7710 128 
7711 360 
7712 247 
7713 85 
7714 265 
7715 37 
7716 257 
7717 350 
7718 274 
7719 369 
7720 310 
7721 358 
7722 8 
7723 275 
7724 190 
7725 136 
7726 157 
7727 101 
7728 273 
7729 219 
7730 52 
7731 63 
7732 98 
7733 183 
7734 241 
7735 80 
7736 168 
7737 91 
7738 336 
7739 14 
7740 167 
7741 16 
7742 138 
7743 79 
7744 52 
7745 376 
7746 372 
7747 310 
7748 199 
7749 338 
7750 206 
7751 184 
7752 69 
7753 350 
7754 266 
7755 257 
7756 154 
7757 200 
7758 79 
7759 138 
7760 225 
7761 138 
7762 230 
7763 175 
7764 153 
7765 370 
7766 5 
7767 227 
7768 265 
7769 237 
7770 59 
7771 168 
7772 107 
7773 169 
7774 238 
7775 199 
7776 186 
7777 128 
7778 172 
7779 79 
7780 381 
7781 41 
7782 221 
7783 269 
7784 377 
7785 350 
7786 318 
7787 59 
7788 368 
7789 199 
7790 164 
7791 160 
7792 138 
7793 304 
7794 259 
7795 370 
7796 276 
7797 59 
7798 385 
7799 61 
7800 256 
7801 366 
7802 56 
7803 311 
7804 100 
7805 123 
7806 113 
7807 362 
7808 145 
7809 225 
7810 125 
7811 363 
7812 324 
7813 393 
7814 79 
7815 230 
7816 157 
7817 230 
7818 63 
7819 256 
7820 198 
7821 360 
7822 266 
7823 223 
7824 20 
7825 56 
7826 299 
7827 381 
7828 276 
7829 188 
7830 357 
7831 318 
7832 152 
7833 107 
7834 63 
7835 399 
7836 63 
7837 154 
7838 89 
7839 162 
7840 164 
7841 359 
7842 334 
7843 257 
7844 100 
7845 27 
7846 93 
7847 101 
7848 164 
7849 198 
7850 190 
7851 223 
7852 357 
7853 27 
7854 69 
7855 8 
7856 216 
7857 16 
7858 349 
7859 8 
7860 153 
7861 306 
7862 107 
7863 261 
7864 252 
7865 183 
7866 221 
7867 134 
7868 269 
7869 358 
7870 107 
7871 171 
7872 167 
7873 79 
7874 110 
7875 41 
7876 271 
7877 68 
7878 165 
7879 55 
7880 65 
7881 157 
7882 370 
7883 15 
7884 247 
7885 293 
7886 299 
7887 225 
7888 386 
7889 280 
7890 152 
7891 52 
7892 216 
7893 198 
7894 79 
7895 236 
7896 69 
7897 393 
7898 14 
7899 134 
7900 221 
7901 172 
7902 157 
7903 51 
7904 126 
7905 103 
7906 311 
7907 324 
7908 14 
7909 41 
7910 396 
7911 59 
7912 271 
7913 246 
7914 336 
7915 124 
7916 392 
7917 370 
7918 44 
7919 133 
7920 247 
7921 275 
7922 362 
7923 360 
7924 178 
7925 227 
7926 301 
7927 172 
7928 89 
7929 149 
7930 103 
7931 15 
7932 227 
7933 27 
7934 377 
7935 13 
7936 366 
7937 247 
7938 162 
7939 79 
7940 305 
7941 377 
7942 68 
7943 93 
7944 150 
7945 354 
7946 299 
7947 164 
7948 162 
7949 97 
7950 273 
7951 146 
7952 318 
7953 43 
7954 344 
7955 247 
7956 384 
7957 352 
7958 44 
7959 366 
7960 180 
7961 376 
7962 241 
7963 275 
7964 271 
7965 150 
7966 273 
7967 205 
7968 101 
7969 98 
7970 146 
7971 70 
7972 344 
7973 198 
7974 360 
7975 310 
7976 136 
7977 386 
7978 349 
7979 89 
7980 369 
7981 145 
7982 172 
7983 256 
7984 348 
7985 113 
7986 271 
7987 338 
7988 311 
7989 153 
7990 376 
7991 236 
7992 162 
7993 339 
7994 158 
7995 171 
7996 262 
7997 366 
7998 293 
7999 68 
8000 236 
8001 145 
8002 180 
8003 172 
8004 126 
8005 399 
8006 65 
8007 266 
8008 75 
8009 13 
8010 152 
8011 169 
8012 397 
8013 206 
8014 110 
8015 89 
8016 340 
8017 68 
8018 252 
8019 152 
8020 208 
8021 393 
8022 385 
8023 360 
8024 43 
8025 223 
8026 274 
8027 266 
8028 154 
8029 238 
8030 27 
8031 275 
8032 169 
8033 276 
8034 13 
8035 43 
8036 154 
8037 59 
8038 306 
8039 358 
8040 223 
8041 27 
8042 352 
8043 269 
8044 376 
8045 384 
8046 78 
8047 123 
8048 344 
8049 153 
8050 8 
8051 399 
8052 99 
8053 168 
8054 238 
8055 301 
8056 352 
8057 123 
8058 171 
8059 15 
8060 123 
8061 52 
8062 59 
8063 208 
8064 304 
8065 233 
8066 150 
8067 113 
8068 392 
8069 208 
8070 79 
8071 223 
8072 363 
8073 200 
8074 336 
8075 59 
8076 97 
8077 386 
8078 186 
8079 179 
8080 93 
8081 230 
8082 340 
8083 271 
8084 138 
8085 344 
8086 311 
8087 271 
8088 56 
8089 123 
8090 186 
8091 123 
8092 236 
8093 149 
8094 350 
8095 45 
8096 62 
8097 68 
8098 56 
8099 236 
8100 45 
8101 247 
8102 370 
8103 358 
8104 301 
8105 349 
8106 110 
8107 65 
8108 8 
8109 75 
8110 274 
8111 136 
8112 247 
8113 256 
8114 65 
8115 339 
8116 13 
8117 3 
8118 27 
8119 256 
8120 387 
8121 362 
8122 216 
8123 348 
8124 225 
8125 51 
8126 393 
8127 298 
8128 133 
8129 150 
8130 61 
8131 52 
8132 99 
8133 128 
8134 15 
8135 252 
8136 376 
8137 180 
8138 219 
8139 134 
8140 16 
8141 267 
8142 69 
8143 113 
8144 238 
8145 99 
8146 274 
8147 153 
8148 267 
8149 113 
8150 164 
8151 146 
8152 233 
8153 397 
8154 157 
8155 358 
8156 153 
8157 3 
8158 154 
8159 104 
8160 52 
8161 152 
8162 348 
8163 118 
8164 221 
8165 94 
8166 377 
8167 208 
8168 175 
8169 154 
8170 165 
8171 267 
8172 75 
8173 13 
8174 80 
8175 3 
8176 16 
8177 266 
8178 370 
8179 75 
8180 171 
8181 133 
8182 118 
8183 68 
8184 338 
8185 69 
8186 110 
8187 393 
8188 97 
8189 70 
8190 118 
8191 200 
8192 206 
8193 94 
8194 4 
8195 318 
8196 310 
8197 3 
8198 16 
8199 257 
8200 43 
8201 128 
8202 310 
8203 61 
8204 216 
8205 167 
8206 230 
8207 37 
8208 100 
8209 100 
8210 360 
8211 62 
8212 368 
8213 269 
8214 107 
8215 146 
8216 225 
8217 271 
8218 136 
8219 233 
8220 350 
8221 352 
8222 306 
8223 133 
8224 89 
8225 70 
8226 147 
8227 397 
8228 110 
8229 8 
8230 153 
8231 262 
8232 385 
8233 168 
8234 265 
8235 70 
8236 104 
8237 59 
8238 149 
8239 53 
8240 149 
8241 298 
8242 186 
8243 100 
8244 267 
8245 110 
8246 127 
8247 306 
8248 349 
8249 118 
8250 352 
8251 51 
8252 78 
8253 127 
8254 186 
8255 225 
8256 247 
8257 384 
8258 399 
8259 56 
8260 69 
8261 359 
8262 206 
8263 381 
8264 150 
8265 91 
8266 89 
8267 376 
8268 369 
8269 267 
8270 20 
8271 273 
8272 110 
8273 206 
8274 41 
8275 68 
8276 110 
8277 140 
8278 273 
8279 372 
8280 97 
8281 68 
8282 69 
8283 126 
8284 167 
8285 100 
8286 205 
8287 78 
8288 344 
8289 91 
8290 118 
8291 164 
8292 376 
8293 154 
8294 273 
8295 359 
8296 384 
8297 276 
8298 158 
8299 298 
8300 257 
8301 362 
8302 257 
8303 103 
8304 97 
8305 136 
8306 267 
8307 94 
8308 70 
8309 99 
8310 43 
8311 311 
8312 376 
8313 118 
8314 157 
8315 14 
8316 339 
8317 236 
8318 310 
8319 14 
8320 336 
8321 252 
8322 16 
8323 145 
8324 104 
8325 385 
8326 128 
8327 369 
8328 124 
8329 256 
8330 118 
8331 238 
8332 167 
8333 168 
8334 169 
8335 236 
8336 110 
8337 397 
8338 138 
8339 265 
8340 339 
8341 56 
8342 94 
8343 75 
8344 310 
8345 48 
8346 150 
8347 101 
8348 360 
8349 359 
8350 339 
8351 206 
8352 178 
8353 178 
8354 274 
8355 68 
8356 123 
8357 305 
8358 158 
8359 186 
8360 357 
8361 206 
8362 276 
8363 3 
8364 91 
8365 236 
8366 370 
8367 20 
8368 269 
8369 103 
8370 276 
8371 53 
8372 392 
8373 65 
8374 78 
8375 384 
8376 126 
8377 5 
8378 15 
8379 118 
8380 68 
8381 110 
8382 48 
8383 205 
8384 358 
8385 179 
8386 14 
8387 140 
8388 15 
8389 178 
8390 150 
8391 125 
8392 94 
8393 306 
8394 94 
8395 69 
8396 311 
8397 70 
8398 167 
8399 216 
8400 357 
8401 85 
8402 265 
8403 165 
8404 219 
8405 89 
8406 222 
8407 349 
8408 153 
8409 157 
8410 359 
8411 305 
8412 385 
8413 350 
8414 376 
8415 103 
8416 99 
8417 236 
8418 168 
8419 397 
8420 376 
8421 311 
8422 5 
8423 241 
8424 301 
8425 43 
8426 265 
8427 357 
8428 179 
8429 99 
8430 153 
8431 393 
8432 59 
8433 262 
8434 169 
8435 152 
8436 392 
8437 154 
8438 59 
8439 99 
8440 399 
8441 75 
8442 357 
8443 157 
8444 310 
8445 267 
8446 169 
8447 75 
8448 246 
8449 246 
8450 79 
8451 237 
8452 360 
8453 340 
8454 62 
8455 252 
8456 162 
8457 273 
8458 252 
8459 352 
8460 274 
8461 247 
8462 369 
8463 91 
8464 56 
8465 344 
8466 299 
8467 59 
8468 43 
8469 43 
8470 128 
8471 179 
8472 164 
8473 384 
8474 83 
8475 165 
8476 145 
8477 223 
8478 358 
8479 216 
8480 310 
8481 48 
8482 271 
8483 68 
8484 275 
8485 246 
8486 104 
8487 93 
8488 381 
8489 205 
8490 154 
8491 126 
8492 5 
8493 230 
8494 169 
8495 274 
8496 358 
8497 125 
8498 51 
8499 233 
8500 123 
8501 104 
8502 37 
8503 149 
8504 153 
8505 15 
8506 385 
8507 157 
8508 230 
8509 93 
8510 103 
8511 299 
8512 127 
8513 306 
8514 68 
8515 62 
8516 340 
8517 274 
8518 62 
8519 399 
8520 150 
8521 216 
8522 208 
8523 125 
8524 344 
8525 252 
8526 352 
8527 97 
8528 252 
8529 171 
8530 5 
8531 340 
8532 5 
8533 354 
8534 298 
8535 65 
8536 51 
8537 301 
8538 53 
8539 262 
8540 338 
8541 298 
8542 165 
8543 154 
8544 44 
8545 169 
8546 68 
8547 157 
8548 399 
8549 164 
8550 386 
8551 340 
8552 216 
8553 14 
8554 153 
8555 393 
8556 352 
8557 3 
8558 358 
8559 238 
8560 293 
8561 363 
8562 275 
8563 157 
8564 352 
8565 149 
8566 61 
8567 100 
8568 152 
8569 44 
8570 269 
8571 219 
8572 363 
8573 386 
8574 362 
8575 127 
8576 91 
8577 85 
8578 311 
8579 97 
8580 386 
8581 146 
8582 208 
8583 357 
8584 147 
8585 133 
8586 59 
8587 399 
8588 20 
8589 93 
8590 230 
8591 97 
8592 65 
8593 352 
8594 125 
8595 145 
8596 233 
8597 200 
8598 252 
8599 169 
8600 158 
8601 269 
8602 61 
8603 298 
8604 65 
8605 146 
8606 357 
8607 171 
8608 223 
8609 357 
8610 75 
8611 200 
8612 386 
8613 61 
8614 256 
8615 53 
8616 118 
8617 370 
8618 352 
8619 257 
8620 241 
8621 208 
8622 219 
8623 75 
8624 3 
8625 385 
8626 144 
8627 70 
8628 305 
8629 20 
8630 70 
8631 311 
8632 136 
8633 133 
8634 85 
8635 125 
8636 169 
8637 14 
8638 138 
8639 362 
8640 145 
8641 167 
8642 339 
8643 352 
8644 200 
8645 222 
8646 340 
8647 293 
8648 44 
8649 43 
8650 149 
8651 352 
8652 354 
8653 293 
8654 208 
8655 51 
8656 246 
8657 97 
8658 5 
8659 56 
8660 144 
8661 113 
8662 80 
8663 144 
8664 107 
8665 127 
8666 164 
8667 75 
8668 165 
8669 223 
8670 85 
8671 75 
8672 246 
8673 158 
8674 252 
8675 206 
8676 238 
8677 311 
8678 357 
8679 352 
8680 162 
8681 360 
8682 256 
8683 385 
8684 136 
8685 123 
8686 15 
8687 41 
8688 372 
8689 205 
8690 205 
8691 5 
8692 397 
8693 241 
8694 385 
8695 274 
8696 169 
8697 385 
8698 386 
8699 136 
8700 252 
8701 293 
8702 376 
8703 124 
8704 385 
8705 310 
8706 354 
8707 246 
8708 376 
8709 69 
8710 15 
8711 222 
8712 101 
8713 368 
8714 372 
8715 246 
8716 65 
8717 150 
8718 208 
8719 70 
8720 93 
8721 171 
8722 241 
8723 368 
8724 113 
8725 171 
8726 252 
8727 145 
8728 206 
8729 169 
8730 56 
8731 37 
8732 125 
8733 158 
8734 342 
8735 146 
8736 276 
8737 5 
8738 107 
8739 107 
8740 393 
8741 152 
8742 340 
8743 62 
8744 342 
8745 127 
8746 236 
8747 200 
8748 158 
8749 257 
8750 14 
8751 85 
8752 230 
8753 168 
8754 165 
8755 51 
8756 381 
8757 310 
8758 311 
8759 15 
8760 150 
8761 352 
8762 147 
8763 103 
8764 385 
8765 51 
8766 271 
8767 206 
8768 103 
8769 44 
8770 152 
8771 381 
8772 372 
8773 171 
8774 150 
8775 252 
8776 168 
8777 352 
8778 140 
8779 363 
8780 79 
8781 216 
8782 223 
8783 368 
8784 48 
8785 386 
8786 301 
8787 233 
8788 146 
8789 246 
8790 247 
8791 262 
8792 53 
8793 93 
8794 275 
8795 157 
8796 271 
8797 354 
8798 216 
8799 144 
8800 15 
8801 363 
8802 257 
8803 103 
8804 43 
8805 94 
8806 150 
8807 78 
8808 70 
8809 27 
8810 385 
8811 271 
8812 393 
8813 376 
8814 83 
8815 368 
8816 298 
8817 273 
8818 101 
8819 299 
8820 83 
8821 14 
8822 267 
8823 171 
8824 269 
8825 349 
8826 138 
8827 269 
8828 386 
8829 154 
8830 273 
8831 97 
8832 360 
8833 230 
8834 216 
8835 276 
8836 222 
8837 219 
8838 397 
8839 386 
8840 247 
8841 267 
8842 359 
8843 153 
8844 357 
8845 301 
8846 100 
8847 53 
8848 397 
8849 83 
8850 349 
8851 162 
8852 256 
8853 125 
8854 299 
8855 393 
8856 56 
8857 262 
8858 369 
8859 79 
8860 169 
8861 205 
8862 97 
8863 48 
8864 145 
8865 301 
8866 78 
8867 113 
8868 311 
8869 43 
8870 158 
8871 339 
8872 206 
8873 157 
8874 237 
8875 236 
8876 101 
8877 149 
8878 138 
8879 205 
8880 127 
8881 5 
8882 65 
8883 70 
8884 298 
8885 124 
8886 363 
8887 342 
8888 146 
8889 352 
8890 126 
8891 275 
8892 59 
8893 273 
8894 153 
8895 349 
8896 246 
8897 146 
8898 274 
8899 69 
8900 158 
8901 311 
8902 376 
8903 100 
8904 206 
8905 360 
8906 164 
8907 15 
8908 113 
8909 205 
8910 93 
8911 179 
8912 127 
8913 372 
8914 267 
8915 179 
8916 61 
8917 147 
8918 113 
8919 358 
8920 340 
8921 358 
8922 219 
8923 376 
8924 168 
8925 118 
8926 233 
8927 83 
8928 150 
8929 219 
8930 149 
8931 252 
8932 100 
8933 94 
8934 168 
8935 237 
8936 233 
8937 61 
8938 311 
8939 5 
8940 230 
8941 256 
8942 206 
8943 216 
8944 83 
8945 276 
8946 363 
8947 158 
8948 236 
8949 233 
8950 262 
8951 93 
8952 162 
8953 298 
8954 147 
8955 273 
8956 293 
8957 154 
8958 271 
8959 298 
8960 70 
8961 273 
8962 262 
8963 219 
8964 384 
8965 205 
8966 144 
8967 147 
8968 237 
8969 372 
8970 69 
8971 352 
8972 206 
8973 368 
8974 62 
8975 70 
8976 368 
8977 271 
8978 83 
8979 216 
8980 103 
8981 91 
8982 97 
8983 158 
8984 165 
8985 125 
8986 113 
8987 274 
8988 93 
8989 78 
8990 306 
8991 262 
8992 269 
8993 158 
8994 357 
8995 107 
8996 381 
8997 206 
8998 110 
8999 381 
9000 246 
9001 385 
9002 298 
9003 44 
9004 51 
9005 262 
9006 107 
9007 393 
9008 219 
9009 238 
9010 363 
9011 342 
9012 352 
9013 299 
9014 385 
9015 393 
9016 168 
9017 384 
9018 149 
9019 200 
9020 158 
9021 363 
9022 219 
9023 138 
9024 247 
9025 97 
9026 276 
9027 186 
9028 276 
9029 68 
9030 222 
9031 125 
9032 339 
9033 70 
9034 94 
9035 100 
9036 262 
9037 223 
9038 147 
9039 267 
9040 262 
9041 69 
9042 93 
9043 178 
9044 273 
9045 222 
9046 241 
9047 269 
9048 101 
9049 51 
9050 385 
9051 69 
9052 5 
9053 339 
9054 164 
9055 357 
9056 165 
9057 70 
9058 386 
9059 368 
9060 338 
9061 144 
9062 15 
9063 358 
9064 274 
9065 267 
9066 358 
9067 124 
9068 101 
9069 127 
9070 368 
9071 94 
9072 384 
9073 384 
9074 93 
9075 125 
9076 352 
9077 124 
9078 311 
9079 101 
9080 301 
9081 69 
9082 144 
9083 206 
9084 53 
9085 178 
9086 113 
9087 127 
9088 385 
9089 136 
9090 349 
9091 83 
9092 136 
9093 168 
9094 56 
9095 299 
9096 310 
9097 368 
9098 15 
9099 56 
9100 219 
9101 274 
9102 113 
9103 48 
9104 252 
9105 368 
9106 363 
9107 44 
9108 298 
9109 233 
9110 267 
9111 128 
9112 222 
9113 59 
9114 216 
9115 149 
9116 164 
9117 110 
9118 94 
9119 342 
9120 62 
9121 222 
9122 56 
9123 124 
9124 165 
9125 15 
9126 124 
9127 349 
9128 363 
9129 152 
9130 238 
9131 256 
9132 110 
9133 385 
9134 127 
9135 252 
9136 69 
9137 62 
9138 144 
9139 69 
9140 48 
9141 298 
9142 44 
9143 363 
9144 51 
9145 354 
9146 48 
9147 140 
9148 298 
9149 216 
9150 310 
9151 275 
9152 15 
9153 124 
9154 158 
9155 273 
9156 178 
9157 310 
9158 75 
9159 110 
9160 5 
9161 349 
9162 101 
9163 48 
9164 147 
9165 53 
9166 381 
9167 125 
9168 68 
9169 153 
9170 274 
9171 138 
9172 91 
9173 384 
9174 205 
9175 397 
9176 223 
9177 158 
9178 233 
9179 83 
9180 157 
9181 162 
9182 75 
9183 273 
9184 247 
9185 149 
9186 101 
9187 262 
9188 393 
9189 51 
9190 78 
9191 384 
9192 349 
9193 125 
9194 381 
9195 354 
9196 157 
9197 97 
9198 256 
9199 298 
9200 158 
9201 186 
9202 5 
9203 168 
9204 339 
9205 97 
9206 393 
9207 51 
9208 293 
9209 145 
9210 51 
9211 5 
9212 51 
9213 153 
9214 298 
9215 83 
9216 274 
9217 100 
9218 359 
9219 237 
9220 340 
9221 342 
9222 238 
9223 267 
9224 169 
9225 274 
9226 357 
9227 275 
9228 147 
9229 256 
9230 118 
9231 274 
9232 146 
9233 381 
9234 164 
9235 44 
9236 94 
9237 230 
9238 59 
9239 236 
9240 376 
9241 223 
9242 62 
9243 206 
9244 110 
9245 70 
9246 100 
9247 65 
9248 153 
9249 53 
9250 306 
9251 349 
9252 162 
9253 372 
9254 70 
9255 349 
9256 178 
9257 44 
9258 393 
9259 107 
9260 363 
9261 62 
9262 146 
9263 48 
9264 262 
9265 376 
9266 51 
9267 230 
9268 70 
9269 372 
9270 125 
9271 158 
9272 101 
9273 275 
9274 101 
9275 145 
9276 306 
9277 275 
9278 153 
9279 75 
9280 354 
9281 165 
9282 147 
9283 216 
9284 5 
9285 178 
9286 59 
9287 381 
9288 140 
9289 393 
9290 299 
9291 393 
9292 59 
9293 384 
9294 53 
9295 262 
9296 93 
9297 298 
9298 393 
9299 376 
9300 257 
9301 354 
9302 276 
9303 154 
9304 128 
9305 146 
9306 222 
9307 93 
9308 237 
9309 62 
9310 5 
9311 257 
9312 384 
9313 107 
9314 154 
9315 78 
9316 276 
9317 310 
9318 342 
9319 233 
9320 381 
9321 223 
9322 354 
9323 223 
9324 83 
9325 100 
9326 376 
9327 219 
9328 340 
9329 262 
9330 165 
9331 238 
9332 216 
9333 83 
9334 293 
9335 352 
9336 340 
9337 256 
9338 138 
9339 113 
9340 97 
9341 118 
9342 310 
9343 381 
9344 107 
9345 68 
9346 110 
9347 83 
9348 238 
9349 128 
9350 44 
9351 276 
9352 222 
9353 125 
9354 101 
9355 138 
9356 145 
9357 206 
9358 110 
9359 51 
9360 59 
9361 48 
9362 162 
9363 385 
9364 246 
9365 222 
9366 306 
9367 127 
9368 138 
9369 269 
9370 223 
9371 149 
9372 339 
9373 206 
9374 376 
9375 372 
9376 100 
9377 154 
9378 118 
9379 158 
9380 101 
9381 219 
9382 298 
9383 48 
9384 145 
9385 144 
9386 68 
9387 91 
9388 381 
9389 164 
9390 145 
9391 44 
9392 107 
9393 276 
9394 178 
9395 138 
9396 75 
9397 230 
9398 70 
9399 138 
9400 397 
9401 107 
9402 140 
9403 397 
9404 256 
9405 101 
9406 158 
9407 140 
9408 276 
9409 219 
9410 236 
9411 293 
9412 145 
9413 384 
9414 100 
9415 140 
9416 164 
9417 397 
9418 376 
9419 149 
9420 298 
9421 75 
9422 147 
9423 107 
9424 53 
9425 154 
9426 164 
9427 381 
9428 144 
9429 338 
9430 299 
9431 299 
9432 397 
9433 397 
9434 125 
9435 53 
9436 101 
9437 238 
9438 352 
9439 118 
9440 237 
9441 237 
9442 165 
9443 340 
9444 100 
9445 145 
9446 144 
9447 299 
9448 241 
9449 113 
9450 53 
9451 359 
9452 147 
9453 363 
9454 127 
9455 48 
9456 216 
9457 75 
9458 78 
9459 118 
9460 138 
9461 93 
9462 15 
9463 246 
9464 118 
9465 164 
9466 103 
9467 138 
9468 397 
9469 372 
9470 205 
9471 48 
9472 222 
9473 393 
9474 91 
9475 78 
9476 219 
9477 51 
9478 147 
9479 354 
9480 216 
9481 62 
9482 107 
9483 359 
9484 118 
9485 51 
9486 359 
9487 125 
9488 363 
9489 354 
9490 127 
9491 241 
9492 256 
9493 164 
9494 216 
9495 340 
9496 236 
9497 118 
9498 75 
9499 269 
9500 93 
9501 230 
9502 310 
9503 354 
9504 359 
9505 138 
9506 357 
9507 338 
9508 51 
9509 237 
9510 107 
9511 128 
9512 246 
9513 75 
9514 354 
9515 338 
9516 56 
9517 145 
9518 384 
9519 363 
9520 222 
9521 178 
9522 128 
9523 219 
9524 51 
9525 144 
9526 78 
9527 237 
9528 222 
9529 359 
9530 236 
9531 140 
9532 56 
9533 59 
9534 206 
9535 144 
9536 354 
9537 393 
9538 145 
9539 393 
9540 276 
9541 145 
9542 237 
9543 125 
9544 293 
9545 107 
9546 299 
9547 70 
9548 310 
9549 51 
9550 70 
9551 149 
9552 230 
9553 149 
9554 53 
9555 276 
9556 128 
9557 269 
9558 293 
9559 269 
9560 165 
9561 237 
9562 125 
9563 342 
9564 222 
9565 125 
9566 127 
9567 62 
9568 128 
9569 381 
9570 342 
9571 384 
9572 100 
9573 138 
9574 310 
9575 293 
9576 127 
9577 68 
9578 354 
9579 385 
9580 118 
9581 100 
9582 206 
9583 100 
9584 299 
9585 62 
9586 56 
9587 230 
9588 103 
9589 310 
9590 237 
9591 62 
9592 384 
9593 299 
9594 138 
9595 118 
9596 256 
9597 140 
9598 393 
9599 164 
9600 138 
9601 223 
9602 256 
9603 385 
9604 51 
9605 127 
9606 93 
9607 70 
9608 53 
9609 310 
9610 107 
9611 101 
9612 246 
9613 128 
9614 338 
9615 237 
9616 299 
9617 51 
9618 354 
9619 237 
9620 397 
9621 340 
9622 299 
9623 372 
9624 164 
9625 125 
9626 241 
9627 241 
9628 372 
9629 293 
9630 93 
9631 339 
9632 269 
9633 372 
9634 397 
9635 78 
9636 178 
9637 165 
9638 257 
9639 363 
9640 91 
9641 78 
9642 138 
9643 125 
9644 107 
9645 93 
9646 237 
9647 178 
9648 340 
9649 53 
9650 59 
9651 372 
9652 397 
9653 138 
9654 363 
9655 70 
9656 257 
9657 306 
9658 62 
9659 53 
9660 376 
9661 68 
9662 293 
9663 101 
9664 257 
9665 257 
9666 354 
9667 338 
9668 352 
9669 178 
9670 357 
9671 91 
9672 363 
9673 107 
9674 222 
9675 15 
9676 138 
9677 310 
9678 165 
9679 75 
9680 241 
9681 100 
9682 144 
9683 397 
9684 397 
9685 165 
9686 385 
9687 241 
9688 78 
9689 339 
9690 103 
9691 178 
9692 237 
9693 100 
9694 397 
9695 53 
9696 241 
9697 372 
9698 352 
9699 158 
9700 385 
9701 237 
9702 53 
9703 241 
9704 246 
9705 15 
9706 385 
9707 269 
9708 397 
9709 53 
9710 256 
9711 256 
9712 206 
9713 62 
9714 230 
9715 53 
9716 158 
9717 340 
9718 363 
9719 125 
9720 91 
9721 128 
9722 359 
9723 138 
9724 103 
9725 53 
9726 51 
9727 293 
9728 75 
9729 68 
9730 100 
9731 352 
9732 100 
9733 340 
9734 310 
9735 149 
9736 206 
9737 352 
9738 339 
9739 299 
9740 68 
9741 164 
9742 158 
9743 144 
9744 246 
9745 147 
9746 359 
9747 276 
9748 15 
9749 164 
9750 91 
9751 237 
9752 359 
9753 372 
9754 257 
9755 222 
9756 103 
9757 144 
9758 276 
9759 306 
9760 75 
9761 51 
9762 357 
9763 48 
9764 178 
9765 306 
9766 357 
9767 222 
9768 100 
9769 128 
9770 357 
9771 339 
9772 257 
9773 107 
9774 257 
9775 299 
9776 48 
9777 138 
9778 385 
9779 51 
9780 59 
9781 372 
9782 158 
9783 147 
9784 53 
9785 75 
9786 101 
9787 256 
9788 101 
9789 357 
9790 48 
9791 299 
9792 246 
9793 158 
9794 178 
9795 51 
9796 256 
9797 128 
9798 158 
9799 144 
9800 299 
9801 241 
9802 256 
9803 91 
9804 256 
9805 103 
9806 276 
9807 363 
9808 293 
9809 107 
9810 78 
9811 246 
9812 310 
9813 53 
9814 241 
9815 103 
9816 149 
9817 256 
9818 385 
9819 352 
9820 340 
9821 78 
9822 241 
9823 101 
9824 230 
9825 246 
9826 230 
9827 15 
9828 91 
9829 147 
9830 385 
9831 144 
9832 48 
9833 241 
9834 246 
9835 206 
9836 310 
9837 48 
9838 241 
9839 299 
9840 48 
9841 15 
9842 230 
9843 310 
9844 128 
9845 149 
9846 68 
9847 359 
9848 101 
9849 158 
9850 363 
9851 48 
9852 100 
9853 352 
9854 53 
9855 340 
9856 256 
9857 246 
9858 103 
9859 246 
9860 149 
9861 206 
9862 293 
9863 62 
9864 48 
9865 101 
9866 246 
9867 310 
9868 385 
9869 276 
9870 158 
9871 257 
9872 75 
9873 75 
9874 256 
9875 138 
9876 78 
9877 138 
9878 230 
9879 128 
9880 158 
9881 385 
9882 357 
9883 128 
9884 53 
9885 359 
9886 246 
9887 359 
9888 48 
9889 352 
9890 385 
9891 385 
9892 340 
9893 256 
9894 75 
9895 78 
9896 103 
9897 128 
9898 158 
9899 293 
9900 75 
9901 257 
9902 15 
9903 59 
9904 53 
9905 138 
9906 149 
9907 363 
9908 101 
9909 59 
9910 51 
9911 78 
9912 75 
9913 293 
9914 178 
9915 385 
9916 246 
9917 158 
9918 357 
9919 144 
9920 299 
9921 158 
9922 51 
9923 357 
9924 62 
9925 15 
9926 299 
9927 357 
9928 206 
9929 149 
9930 359 
9931 75 
9932 359 
9933 178 
9934 257 
9935 293 
9936 359 
9937 178 
9938 101 
9939 178 
9940 276 
9941 53 
9942 230 
9943 59 
9944 128 
9945 91 
9946 293 
9947 62 
9948 299 
9949 78 
9950 359 
9951 246 
9952 359 
9953 299 
9954 178 
9955 144 
9956 256 
9957 103 
9958 230 
9959 91 
9960 128 
9961 144 
9962 299 
9963 257 
9964 357 
9965 293 
9966 15 
9967 149 
9968 385 
9969 59 
9970 78 
9971 78 
9972 59 
9973 78 
9974 51 
9975 385 
9976 230 
9977 75 
9978 257 
9979 385 
9980 53 
9981 246 
9982 299 
9983 230 
9984 256 
9985 15 
9986 357 
9987 78 
9988 178 
9989 230 
9990 149 
9991 178 
9992 256 
9993 357 
9994 257 
9995 78 
9996 75 
9997 256 
9998 78 
9999 59 
10000 158 
